1524979127 seed, 60 fps, 1440x901, fullScreen=1, version88_mouseSpeed1.000000_musicOff0_musicLoudness1.000000_webRetrySeconds16 F84B50252D297F134A0E0775BDAEB8BCDEFB48BB
3 T 1524979128.372000 mm 1181 72 mm 1094 446
0  
0  
0  
0  
0  
0  
0  
0  
0  
0  
0  
0  
0  
0  
0  
0  
0  
0  
0  
0  
0  
0  
0  
0  
0  
0  
0  
0  
0  
0  
0  
0  
0  
0  
0  
0  
0  
0  
0  
0  
0  
0  
0  
0  
0  
0  
0  
0  
0  
0  
0  
0  
0  
0  
0  
0  
0  
0  
0  
0  
0  
0  
0  
0  
0  
0  
0  
0  
0  
0  
0  
0  
0  
0  
0  
0  
0  
0  
0  
0  
0  
0  
0  
0  
0  
0  
0  
0  
0  
0  
0  
0  
0  
0  
0  
0  
0  
0  
1 T 1524979139.693000 
0  
0  
0  
0  
0  
0  
0  
0  
0  
0  
0  
0  
1  mm 513 528
0  
0  
0  
0  
0  
0  
2 T 1524979159.394000 T 1524979159.396000 
1 T 1524979159.407000 
1 T 1524979159.423000 
1 T 1524979159.438000 
1 T 1524979159.455000 
1 T 1524979159.470000 
1 T 1524979159.487000 
1 T 1524979159.503000 
1 T 1524979159.517000 
1 T 1524979159.534000 
1 T 1524979159.550000 
1 T 1524979159.566000 
1 T 1524979159.582000 
1 T 1524979159.598000 
1 T 1524979159.614000 
1 T 1524979159.631000 
1 T 1524979159.648000 
1 T 1524979159.664000 
1 T 1524979159.680000 
1 T 1524979159.697000 
1 T 1524979159.713000 
1 T 1524979159.729000 
1 T 1524979159.746000 
1 T 1524979159.764000 
1 T 1524979159.780000 
1 T 1524979159.797000 
1 T 1524979159.814000 
1 T 1524979159.831000 
1 T 1524979159.847000 
1 T 1524979159.864000 
1 T 1524979159.881000 
1 T 1524979159.898000 
1 T 1524979159.914000 
1 T 1524979159.931000 
1 T 1524979159.947000 
1 T 1524979159.965000 
1 T 1524979159.981000 
1 T 1524979159.998000 
1 T 1524979160.015000 
1 T 1524979160.032000 
1 T 1524979160.048000 
1 T 1524979160.065000 
1 T 1524979160.081000 
1 T 1524979160.097000 
1 T 1524979160.113000 
1 T 1524979160.132000 
1 T 1524979160.147000 
1 T 1524979160.165000 
1 T 1524979160.181000 
1 T 1524979160.199000 
1 T 1524979160.215000 
1 T 1524979160.232000 
1 T 1524979160.248000 
1 T 1524979160.265000 
1 T 1524979160.280000 
1 T 1524979160.299000 
1 T 1524979160.314000 
1 T 1524979160.332000 
1 T 1524979160.348000 
1 T 1524979160.366000 
1 T 1524979160.382000 
1 T 1524979160.398000 
1 T 1524979160.415000 
1 T 1524979160.431000 
1 T 1524979160.449000 
1 T 1524979160.466000 
1 T 1524979160.482000 
1 T 1524979160.499000 
0  
0  
0  
0  
0  
0  
0  
0  
0  
0  
0  
0  
1 T 1524979160.715000 
0  
0  
0  
0  
0  
0  
0  
0  
0  
0  
0  
0  
0  
0  
0  
0  
0  
0  
0  
0  
0  
0  
0  
0  
0  
0  
0  
0  
0  
0  
0  
0  
0  
0  
0  
0  
0  
0  
0  
0  
0  
0  
0  
1  mm 520 528
1  mm 545 529
1  mm 585 539
1  mm 652 562
1  mm 687 579
1  mm 715 593
1  mm 740 606
1  mm 750 612
1  mm 760 617
1  mm 762 618
1  mm 763 619
0  
1  mm 764 619
1  mm 765 619
1  mm 766 619
1  mm 767 619
1  mm 768 619
1  mm 769 619
1  mm 772 617
1  mm 775 614
1  mm 778 612
1  mm 785 606
1  mm 789 604
1  mm 791 602
1  mm 792 601
1  mm 793 601
0  
0  
1  mm 794 601
0  
1  mm 795 601
1  mm 797 601
1  mm 800 601
1  mm 806 601
1  mm 810 602
1  mm 818 602
1  mm 825 603
1  mm 830 603
1  mm 836 603
1  mm 842 603
1  mm 847 603
1  mm 854 603
1  mm 860 603
1  mm 870 603
1  mm 874 603
1  mm 879 603
1  mm 882 603
1  mm 885 603
1  mm 887 603
1  mm 889 603
1  mm 890 603
1  mm 892 603
1  mm 894 602
1  mm 898 601
1  mm 904 600
0  
1 T 1524979162.386000 
0  
0  
0  
0  
0  
0  
0  
0  
0  
0  
0  
0  
0  
0  
0  
0  
0  
0  
0  
0  
0  
0  
0  
0  
0  
0  
0  
0  
0  
0  
0  
0  
1  mm 899 600
1  mm 891 596
1  mm 884 590
1  mm 877 582
1  mm 858 562
1  mm 836 536
1  mm 814 510
1  mm 787 479
1  mm 752 434
1  mm 733 406
1  mm 722 388
1  mm 711 367
1  mm 701 351
1  mm 696 343
1  mm 691 338
1  mm 688 336
1  mm 686 335
1  mm 685 335
0  
1  mm 685 334
0  
1  mm 684 334
0  
1  mm 684 333
0  
0  
1  mm 684 332
1  mm 684 331
1  mm 684 329
1  mm 684 325
1  mm 683 319
1  mm 680 314
1  mm 678 312
1  mm 677 310
1  mm 676 310
0  
1  mm 675 310
1  mb 1 1 675 310
0  
0  
0  
0  
0  
1  mb 1 0 675 310
0  
0  
0  
0  
0  
0  
0  
0  
0  
0  
0  
0  
1  mm 675 313
1  mm 675 321
1  mm 675 339
1  mm 675 362
1  mm 675 393
1  mm 675 418
1  mm 675 433
1  mm 675 447
1  mm 674 456
1  mm 673 459
1  mm 673 461
2 T 1524979164.058000 mm 672 463
1  mm 671 463
0  
1  mm 670 463
0  
0  
0  
1  mb 1 1 670 463
0  
0  
0  
0  
0  
1  mb 1 0 670 463
0  
0  
0  
0  
0  
0  
0  
0  
0  
0  
0  
0  
0  
0  
0  
0  
0  
0  
0  
0  
0  
0  
0  
0  
1  mm 672 463
1  mm 676 463
1  mm 684 463
1  mm 696 463
1  mm 713 463
1  mm 732 463
1  mm 752 463
1  mm 771 463
1  mm 798 463
1  mm 813 463
1  mm 827 465
1  mm 839 467
1  mm 851 470
1  mm 863 473
1  mm 877 478
1  mm 889 483
1  mm 903 488
1  mm 914 493
1  mm 919 496
3  mm 925 499 sd 119 926 500 mm 926 500
1  mm 929 501
1  mm 930 502
0  
1  mm 931 502
1  mm 931 503
0  
0  
0  
3  kd 113 931 503 ku 113 931 503 su 119 931 503
0  
0  
0  
0  
0  
0  
0  
0  
0  
0  
0  
0  
0  
0  
0  
0  
0  
0  
0  
0  
0  
0  
0  
0  
0  
0  
0  
0  
0  
0  
0  
0  
0  
1 T 1524979165.896000 
0  
0  
0  
0  
0  
0  
0  
0  
0  
0  
0  
0  
0  
0  
0  
0  
0  
0  
0  
0  
0  
1  mm 930 503
0  
0  
0  
0  
0  
0  
0  
0  
0  
0  
0  
0  
0  
0  
0  
0  
0  
0  
0  
0  
0  
1  kd 127 930 503
0  
0  
0  
0  
1  ku 8 930 503
0  
0  
0  
0  
0  
0  
0  
0  
0  
0  
0  
0  
0  
0  
0  
0  
0  
0  
0  
1  mm 932 504
1  mm 945 517
1  mm 963 536
1  mm 982 554
1  mm 991 563
1  mm 998 569
1  mm 1000 572
1  mm 1000 573
1  mm 1000 574
1  mm 1000 575
1  mb 1 1 1000 575
0  
0  
0  
0  
0  
0  
0  
1  mb 1 0 1000 575
0  
0  
0  
0  
0  
0  
0  
0  
0  
0  
0  
0  
1 T 1524979167.583000 
0  
0  
0  
0  
0  
0  
0  
0  
0  
0  
0  
0  
0  
1  mm 1000 579
1  mm 1006 591
1  mm 1016 614
1  mm 1025 638
1  mm 1030 653
1  mm 1032 660
1  mm 1033 662
1  mm 1033 663
1  mm 1033 664
0  
0  
1  mm 1033 671
1  mm 1032 680
1  mm 1027 691
1  mm 1022 702
1  mm 1015 712
1  mm 1010 716
1  mm 1006 719
1  mm 1002 720
1  mm 999 721
1  mm 998 721
1  mb 1 1 998 721
0  
0  
0  
0  
0  
1  mb 1 0 998 721
0  
0  
0  
0  
0  
0  
0  
0  
0  
0  
0  
1  mm 990 717
1  mm 962 694
1  mm 922 657
1  mm 871 607
1  mm 810 544
1  mm 749 482
1  mm 693 426
1  mm 661 395
1  mm 620 354
1  mm 599 333
1  mm 572 304
1  mm 556 288
1  mm 546 277
1  mm 538 270
1  mm 535 266
1  mm 532 263
1  mm 529 260
1  mm 525 258
1  mm 519 254
1  mm 512 249
1  mm 502 243
1  mm 490 237
1  mm 475 231
1  mm 463 228
1  mm 446 222
1  mm 439 220
1  mm 436 218
1  mm 434 218
1  mm 433 217
1  mb 1 1 433 217
0  
0  
0  
0  
0  
0  
1  mb 1 0 433 217
0  
0  
0  
0  
0  
0  
0  
0  
0  
0  
1 T 1524979169.254000 
0  
0  
0  
1  mm 433 216
1  mm 434 205
1  mm 437 190
1  mm 441 172
1  mm 444 156
1  mm 446 139
1  mm 448 133
1  mm 449 127
1  mm 449 125
0  
1  mm 449 126
1  mm 447 130
1  mb 1 1 447 130
0  
0  
0  
0  
0  
0  
1  mb 1 0 447 130
0  
0  
0  
0  
0  
0  
0  
0  
0  
1  sd 119 447 130
0  
0  
0  
0  
1  kd 27 447 130
0  
0  
0  
0  
0  
0  
0  
1  ku 113 447 130
0  
0  
0  
0  
1  su 119 447 130
0  
0  
0  
0  
0  
0  
0  
0  
0  
0  
0  
0  
0  
0  
0  
0  
0  
0  
0  
0  
0  
0  
0  
1  mm 449 132
1  mm 450 134
1  mm 451 134
1  mm 451 135
1  mm 452 136
0  
0  
1  mm 452 137
0  
0  
1  mm 453 137
1  mm 453 138
0  
1  sd 113 453 138
0  
0  
0  
0  
0  
0  
0  
0  
0  
1  mm 453 139
1  mm 454 139
1 T 1524979170.926000 
0  
0  
1  kd 37 454 139
