1524979219 seed, 60 fps, 1280x720, fullScreen=0, version88_mouseSpeed1.000000_musicOff0_musicLoudness1.000000_webRetrySeconds16 F84B50252D297F134A0E0775BDAEB8BCDEFB48BB
2 T 1524979220.147000 mm 469 261
0  
0  
0  
0  
0  
0  
0  
0  
0  
0  
0  
0  
0  
0  
0  
0  
0  
0  
0  
0  
0  
0  
0  
0  
0  
0  
0  
0  
0  
0  
0  
0  
0  
0  
0  
0  
0  
0  
0  
0  
0  
0  
0  
0  
0  
0  
0  
0  
0  
0  
0  
0  
0  
0  
0  
0  
0  
0  
0  
0  
0  
0  
0  
0  
1  mm 669 414
0  
0  
0  
0  
0  
0  
0  
0  
0  
0  
0  
0  
0  
0  
0  
0  
0  
0  
0  
0  
0  
0  
0  
0  
0  
0  
0  
0  
0  
0  
0  
0  
0  
1 T 1524979230.605000 
0  
0  
0  
0  
0  
0  
0  
0  
0  
0  
0  
0  
1  mm 633 409
0  
0  
0  
0  
0  
0  
2 T 1524979247.020000 T 1524979247.023000 
1 T 1524979247.036000 
1 T 1524979247.052000 
1 T 1524979247.067000 
1 T 1524979247.084000 
1 T 1524979247.100000 
1 T 1524979247.115000 
1 T 1524979247.132000 
1 T 1524979247.149000 
1 T 1524979247.165000 
1 T 1524979247.183000 
1 T 1524979247.200000 
1 T 1524979247.216000 
1 T 1524979247.233000 
1 T 1524979247.250000 
1 T 1524979247.266000 
1 T 1524979247.283000 
1 T 1524979247.299000 
1 T 1524979247.316000 
1 T 1524979247.332000 
1 T 1524979247.350000 
1 T 1524979247.367000 
1 T 1524979247.383000 
1 T 1524979247.400000 
1 T 1524979247.416000 
1 T 1524979247.433000 
1 T 1524979247.449000 
1 T 1524979247.467000 
1 T 1524979247.484000 
1 T 1524979247.500000 
1 T 1524979247.517000 
1 T 1524979247.534000 
1 T 1524979247.550000 
1 T 1524979247.567000 
1 T 1524979247.587000 
1 T 1524979247.603000 
1 T 1524979247.619000 
1 T 1524979247.634000 
1 T 1524979247.650000 
1 T 1524979247.667000 
1 T 1524979247.684000 
1 T 1524979247.701000 
1 T 1524979247.717000 
1 T 1524979247.734000 
1 T 1524979247.751000 
1 T 1524979247.767000 
1 T 1524979247.785000 
1 T 1524979247.800000 
1 T 1524979247.817000 
1 T 1524979247.834000 
1 T 1524979247.851000 
1 T 1524979247.867000 
1 T 1524979247.885000 
1 T 1524979247.900000 
1 T 1524979247.917000 
1 T 1524979247.935000 
1 T 1524979247.951000 
1 T 1524979247.968000 
1 T 1524979247.985000 
1 T 1524979248.001000 
1 T 1524979248.018000 
1 T 1524979248.035000 
1 T 1524979248.052000 
1 T 1524979248.068000 
1 T 1524979248.085000 
1 T 1524979248.102000 
1 T 1524979248.118000 
1 T 1524979248.135000 
0  
0  
0  
0  
0  
0  
0  
0  
0  
0  
0  
1  mm 632 408
2 T 1524979248.352000 mm 632 406
1  mm 632 402
1  mm 630 395
1  mm 628 391
1  mm 627 390
0  
1  mm 627 389
0  
0  
0  
0  
0  
0  
0  
0  
0  
0  
0  
0  
0  
0  
0  
0  
0  
0  
0  
0  
0  
0  
0  
0  
0  
0  
0  
0  
0  
0  
0  
0  
1  kd 99 627 389
0  
2  kd 111 627 389 ku 99 627 389
0  
0  
0  
0  
0  
1  ku 111 627 389
0  
0  
0  
0  
0  
0  
1  kd 110 627 389
0  
0  
0  
0  
1  ku 110 627 389
0  
0  
0  
1  kd 110 627 389
0  
0  
0  
1  ku 110 627 389
0  
0  
0  
0  
0  
1  kd 111 627 389
0  
0  
0  
0  
0  
0  
1  ku 111 627 389
0  
1  kd 114 627 389
0  
0  
0  
0  
0  
0  
1  ku 114 627 389
0  
0  
0  
0  
1  kd 104 627 389
0  
0  
0  
0  
1  ku 104 627 389
1 T 1524979250.074000 
0  
0  
0  
0  
1  kd 115 627 389
0  
0  
0  
0  
0  
0  
1  ku 115 627 389
0  
0  
0  
0  
0  
0  
0  
0  
0  
0  
0  
0  
0  
0  
0  
0  
0  
0  
0  
0  
0  
0  
0  
0  
0  
0  
0  
0  
0  
0  
0  
1  kd 109 627 389
0  
0  
0  
0  
0  
1  ku 109 627 389
0  
0  
0  
0  
0  
0  
0  
0  
0  
0  
0  
1  kd 116 627 389
0  
0  
0  
1  ku 116 627 389
0  
0  
0  
0  
0  
0  
0  
0  
0  
0  
0  
0  
0  
0  
0  
0  
0  
0  
0  
0  
0  
0  
0  
0  
0  
0  
0  
0  
0  
0  
1  kd 127 627 389
0  
0  
1 T 1524979251.745000 
1  ku 8 627 389
0  
0  
0  
0  
0  
1  kd 127 627 389
1  ku 8 627 389
0  
0  
0  
0  
0  
0  
0  
0  
0  
0  
0  
0  
0  
0  
0  
0  
0  
0  
0  
0  
0  
0  
0  
0  
0  
0  
0  
0  
0  
0  
0  
0  
0  
0  
0  
0  
0  
0  
0  
0  
0  
0  
0  
0  
0  
0  
1  kd 109 627 389
0  
0  
0  
0  
1  ku 109 627 389
0  
0  
0  
0  
1  kd 105 627 389
0  
0  
0  
0  
1  ku 105 627 389
0  
1  kd 116 627 389
0  
0  
0  
0  
0  
0  
2  kd 104 627 389 ku 116 627 389
0  
0  
0  
0  
1  ku 104 627 389
0  
0  
0  
0  
0  
0  
0  
0  
0  
1  sd 113 627 389
0  
0  
0  
0  
0  
1 T 1524979253.415000 
1  kd 64 627 389
0  
0  
0  
0  
0  
1  su 113 627 389
1  ku 50 627 389
0  
0  
0  
0  
0  
0  
1  kd 103 627 389
0  
0  
0  
0  
0  
1  kd 109 627 389
0  
1  ku 103 627 389
0  
0  
0  
1  ku 109 627 389
0  
0  
1  kd 97 627 389
0  
0  
0  
0  
0  
0  
2  ku 97 627 389 kd 105 627 389
0  
0  
0  
0  
1  ku 105 627 389
0  
0  
0  
0  
0  
0  
1  kd 108 627 389
0  
0  
0  
1  ku 108 627 389
0  
0  
0  
0  
0  
0  
1  kd 46 627 389
0  
0  
0  
0  
1  ku 46 627 389
0  
1  kd 99 627 389
0  
0  
0  
0  
0  
0  
0  
2  ku 99 627 389 kd 111 627 389
0  
0  
0  
0  
1  ku 111 627 389
0  
0  
0  
0  
1  kd 109 627 389
0  
0  
0  
0  
1  ku 109 627 389
0  
0  
0  
0  
0  
0  
0  
0  
0  
1 T 1524979255.087000 
0  
0  
0  
0  
0  
1  mm 629 389
1  mm 664 396
1  mm 706 409
1  mm 744 421
1  mm 764 429
1  mm 778 436
1  mm 790 441
1  mm 794 444
1  mm 798 452
1  mm 808 478
1  mm 825 521
1  mm 834 541
1  mm 843 557
1  mm 848 565
1  mm 850 568
1  mm 851 569
1  mm 855 570
1  mm 863 573
1  mm 877 582
1  mm 891 590
1  mm 905 601
1  mm 912 606
1  mm 922 613
1  mm 926 617
1  mm 929 618
1  mm 932 620
1  mm 934 622
1  mm 935 623
1  mm 937 624
1  mm 940 625
1  mm 944 628
1  mm 951 631
1  mm 955 633
1  mm 958 636
1  mm 961 638
0  
1  mm 962 638
0  
1  mb 1 1 962 638
0  
0  
0  
0  
0  
2 T 1524979255.933000 mb 1 0 962 638
0  
1 T 1524979256.166000 
1 T 1524979256.183000 
1 T 1524979256.199000 
1 T 1524979256.216000 
1 T 1524979256.231000 
1 T 1524979256.246000 
1 T 1524979256.262000 
1 T 1524979256.279000 
1 T 1524979256.295000 
1 T 1524979256.310000 
1 T 1524979256.327000 
1 T 1524979256.343000 
1 T 1524979256.358000 
1 T 1524979256.375000 
1 T 1524979256.390000 
1 T 1524979256.407000 
1 T 1524979256.424000 
1 T 1524979256.440000 
1 T 1524979256.457000 
1 T 1524979256.474000 
1 T 1524979256.490000 
1 T 1524979256.507000 
1 T 1524979256.524000 
1 T 1524979256.540000 
1 T 1524979256.558000 
1 T 1524979256.574000 
1 T 1524979256.591000 
1 T 1524979256.607000 
1 T 1524979256.624000 
1 T 1524979256.641000 
1 T 1524979256.658000 
1 T 1524979256.674000 
1 T 1524979256.691000 
1 T 1524979256.708000 
1 T 1524979256.725000 
1 T 1524979256.741000 
1 T 1524979256.758000 
1 T 1524979256.775000 
1 T 1524979256.791000 
1 T 1524979256.808000 
1 T 1524979256.825000 
1 T 1524979256.841000 
1 T 1524979256.858000 
1 T 1524979256.875000 
1 T 1524979256.891000 
1 T 1524979256.908000 
1 T 1524979256.925000 
7 T 1524979256.942000 xs 0 2 14 534E0A302F3230300A310A310A23 xs 0 2 0 T 1524979256.951000 xs 0 0 7 T 1524979256.953000 T 1524979256.956000 
1 T 1524979256.958000 
1 T 1524979256.976000 
1 T 1524979256.992000 
1 T 1524979257.010000 
1 T 1524979257.026000 
1 T 1524979257.043000 
1 T 1524979257.059000 
1 T 1524979257.076000 
1 T 1524979257.093000 
1 T 1524979257.110000 
1 T 1524979257.126000 
1 T 1524979257.143000 
1 T 1524979257.160000 
1 T 1524979257.177000 
1 T 1524979257.193000 
1 T 1524979257.211000 
1 T 1524979257.226000 
1 T 1524979257.244000 
1 T 1524979257.260000 
1 T 1524979257.277000 
1 T 1524979257.293000 
1 T 1524979257.310000 
1 T 1524979257.327000 
1 T 1524979257.343000 
1 T 1524979257.360000 
1 T 1524979257.377000 
1 T 1524979257.394000 
1 T 1524979257.411000 
1 T 1524979257.427000 
1 T 1524979257.444000 
1 T 1524979257.460000 
1 T 1524979257.478000 
1 T 1524979257.493000 
1 T 1524979257.512000 
1 T 1524979257.527000 
1 T 1524979257.544000 
1 T 1524979257.561000 
1 T 1524979257.577000 
1 T 1524979257.594000 
1 T 1524979257.611000 
1 T 1524979257.628000 
1 T 1524979257.644000 
1 T 1524979257.661000 
1 T 1524979257.679000 
1 T 1524979257.694000 
1 T 1524979257.713000 
1 T 1524979257.727000 
1 T 1524979257.745000 
1 T 1524979257.761000 
1 T 1524979257.779000 
1 T 1524979257.796000 
1 T 1524979257.812000 
1 T 1524979257.828000 
1 T 1524979257.844000 
1 T 1524979257.862000 
1 T 1524979257.879000 
1 T 1524979257.895000 
1 T 1524979257.912000 
1 T 1524979257.928000 
1 T 1524979257.946000 
1 T 1524979257.962000 
1 T 1524979257.978000 
1 T 1524979257.995000 
1 T 1524979258.013000 
1 T 1524979258.029000 
1 T 1524979258.046000 
1 T 1524979258.062000 
0  
0  
0  
0  
0  
0  
0  
0  
0  
0  
0  
0  
0  
0  
0  
0  
0  
0  
0  
0  
0  
0  
0  
0  
0  
0  
0  
0  
0  
0  
0  
0  
0  
1 T 1524979258.630000 
0  
0  
0  
0  
0  
0  
0  
0  
0  
0  
0  
0  
0  
0  
0  
0  
0  
0  
0  
0  
0  
0  
0  
0  
0  
0  
0  
0  
0  
0  
0  
0  
0  
0  
0  
0  
0  
0  
0  
0  
0  
0  
0  
0  
0  
0  
0  
0  
0  
0  
1  sd 119 962 638
0  
0  
0  
0  
0  
0  
0  
0  
1  sd 113 962 638
0  
0  
0  
0  
0  
0  
0  
0  
0  
0  
0  
1  mm 961 638
1  mm 947 620
1  mm 903 582
1  mm 857 553
1  mm 807 531
1  mm 758 508
1  mm 714 486
1  mm 667 459
1  mm 635 440
1  mm 600 425
1  mm 571 406
1  mm 537 386
1  mm 495 367
1  mm 349 308
2  mm 290 253 su 113 290 253
0  
0  
0  
0  
0  
0  
0  
0  
0  
0  
0  
0  
0  
1 T 1524979260.370000 
0  
0  
0  
0  
0  
0  
0  
0  
0  
0  
0  
0  
0  
0  
0  
0  
0  
0  
0  
0  
0  
1  su 119 290 253
0  
0  
0  
0  
0  
0  
0  
0  
0  
0  
0  
0  
0  
0  
0  
0  
0  
0  
0  
0  
0  
0  
0  
0  
0  
0  
0  
0  
0  
0  
0  
0  
0  
0  
0  
0  
0  
0  
0  
0  
0  
0  
0  
0  
0  
0  
0  
0  
0  
0  
0  
0  
0  
0  
0  
0  
0  
0  
0  
0  
0  
0  
0  
0  
0  
0  
0  
0  
0  
0  
0  
0  
0  
0  
0  
0  
0  
1 T 1524979262.039000 
0  
0  
0  
1  mm 1128 135
1  mm 1126 136
1  mm 1118 139
1  mm 1096 140
1  mm 1062 130
1  mm 996 109
1  mm 888 86
1  mm 701 69
1  mm 498 54
1  mm 298 41
1  mm 169 37
1  mm 96 35
1  mm 74 35
1  mm 69 34
1  mm 63 34
1  mm 48 34
1  mm 21 33
1  mm 0 34
0  
1  mm 0 33
0  
0  
0  
0  
0  
0  
1  mm 0 32
0  
1  mm 0 30
1  mm 0 25
1  mm 0 20
1  mm 0 14
1  mm 2 9
1  mm 3 8
1  mm 3 7
0  
1  mm 4 6
1  mm 8 4
1  mm 18 1
1  mm 21 0
1  mm 23 0
1  mm 27 0
1  mm 33 0
1  mm 45 0
1  mm 50 0
0  
0  
0  
0  
1  mm 51 0
0  
0  
0  
0  
0  
1  mm 50 0
0  
1  mm 49 0
1  mm 47 0
1  mm 46 0
0  
1  mm 45 0
0  
1  mm 44 0
1  mm 43 0
1  mm 42 0
1  mm 40 0
0  
1  mm 39 0
1  mm 38 0
1  mm 37 0
1  mm 36 0
1  mm 35 0
0  
0  
1  mm 36 0
0  
0  
0  
0  
2  mm 467 719 mm 468 719
0  
1  mm 463 719
1  mm 450 719
1  mm 422 719
1  mm 413 719
1  mm 412 719
0  
0  
0  
0  
0  
0  
0  
0  
0  
1 T 1524979264.474000 
0  
0  
0  
0  
0  
0  
0  
0  
0  
0  
0  
0  
0  
0  
0  
0  
0  
0  
0  
0  
0  
1  mm 419 719
1  mm 431 719
1  mm 442 719
1  mm 454 719
1  mm 462 719
1  mm 464 719
0  
1  mm 468 719
1  mm 471 719
1  mm 482 719
1  mm 488 719
1  mm 498 719
1  mm 505 719
1  mm 521 719
1  mm 532 719
1  mm 550 719
1  mm 565 719
1  mm 594 719
1  mm 612 719
1  mm 632 719
1  mm 642 719
1  mm 646 719
1  mm 651 719
1  mm 658 719
1  mm 671 719
1  mm 689 719
1  mm 701 719
1  mm 707 719
1  mm 711 719
1  mm 716 719
1  mm 721 719
1  mm 724 719
1  mm 727 719
1  mm 729 719
1  mm 736 719
1  mm 742 719
1  mm 747 719
1  mm 754 719
1  mm 759 719
1  mm 760 719
1  mm 762 719
1  mm 764 719
1  mm 767 719
1  mm 768 719
1  mm 772 719
0  
0  
0  
0  
1  mm 771 719
1  mm 763 719
1  mm 756 719
1  mm 748 719
1  mm 737 719
1  mm 725 719
1  mm 708 719
1  mm 683 719
1  mm 658 719
1  mm 639 719
1  mm 610 719
1  mm 588 719
1  mm 574 719
1  mm 566 719
1  mm 558 719
1  mm 557 719
1  mm 556 719
1  mm 554 719
1  mm 552 719
0  
1  mm 553 719
1  mm 557 719
1  mm 574 719
1  mm 618 719
1  mm 685 719
1  mm 777 719
1  mm 868 719
1  mm 938 719
1  mm 991 719
2 T 1524979266.076000 mm 1037 719
1  mm 1072 719
1  mm 1097 719
1  mm 1110 719
1  mm 1112 719
0  
1  mm 1111 719
1  mm 1104 719
1  mm 1090 719
1  mm 1070 719
1  mm 1043 719
1  mm 1018 719
1  mm 974 719
1  mm 910 719
1  mm 859 719
1  mm 823 719
1  mm 796 719
1  mm 780 719
0  
1  mm 758 719
1  mm 750 719
1  mm 736 719
1  mm 725 719
1  mm 713 719
1  mm 703 719
1  mm 683 719
1  mm 667 719
1  mm 642 719
1  mm 614 719
1  mm 579 719
1  mm 563 719
1  mm 552 719
1  mm 544 719
1  mm 535 719
1  mm 531 719
1  mm 528 719
1  mm 527 719
0  
0  
1  mm 526 719
0  
0  
0  
0  
1  mm 528 719
1  mm 533 719
1  mm 538 719
1  mm 545 719
1  mm 550 719
1  mm 555 719
1  mm 563 719
1  mm 567 719
0  
1  mm 561 719
1  mm 542 719
1  mm 520 719
1  mm 496 719
1  mm 480 719
1  mm 470 719
1  mm 469 719
1  mm 470 719
1  mm 473 719
1  mm 474 719
1  mm 475 719
0  
0  
0  
0  
0  
0  
0  
0  
0  
0  
0  
0  
0  
0  
0  
0  
0  
0  
0  
0  
0  
0  
0  
0  
0  
0  
0  
0  
0  
0  
0  
0  
0  
0  
0  
0  
1 T 1524979267.678000 
0  
0  
0  
0  
0  
0  
0  
0  
0  
0  
0  
0  
0  
0  
0  
0  
0  
0  
0  
0  
0  
0  
0  
0  
0  
0  
0  
0  
0  
0  
0  
0  
0  
0  
0  
0  
0  
0  
0  
0  
0  
0  
0  
0  
0  
0  
0  
0  
0  
0  
0  
0  
0  
0  
0  
0  
0  
0  
0  
0  
0  
0  
0  
0  
0  
0  
0  
0  
0  
0  
0  
0  
0  
0  
0  
0  
0  
0  
0  
0  
0  
0  
0  
0  
0  
0  
0  
0  
0  
0  
0  
0  
0  
0  
0  
0  
0  
0  
0  
1 T 1524979269.285000 
0  
0  
0  
0  
0  
0  
0  
0  
0  
0  
0  
0  
0  
0  
0  
0  
0  
0  
0  
0  
0  
0  
0  
0  
0  
0  
0  
0  
0  
0  
0  
0  
0  
0  
0  
0  
0  
0  
0  
0  
0  
0  
0  
0  
0  
0  
0  
0  
0  
0  
0  
0  
0  
0  
0  
0  
0  
0  
0  
0  
0  
0  
0  
0  
0  
0  
0  
0  
0  
0  
0  
0  
0  
0  
0  
0  
0  
0  
0  
0  
0  
0  
0  
0  
0  
0  
0  
0  
0  
0  
0  
0  
0  
0  
0  
0  
0  
0  
0  
1 T 1524979270.885000 
0  
0  
0  
0  
0  
0  
0  
0  
0  
0  
0  
0  
0  
0  
0  
0  
0  
0  
0  
0  
0  
0  
0  
0  
0  
0  
0  
0  
0  
0  
0  
0  
0  
0  
0  
0  
0  
0  
0  
0  
0  
0  
0  
0  
0  
0  
0  
0  
0  
0  
0  
0  
0  
0  
0  
0  
0  
0  
0  
0  
0  
0  
0  
0  
0  
0  
0  
0  
0  
0  
0  
0  
0  
0  
0  
0  
0  
0  
0  
0  
0  
0  
0  
0  
0  
0  
0  
0  
0  
0  
0  
0  
0  
0  
0  
0  
0  
0  
0  
1 T 1524979272.500000 
0  
0  
0  
0  
0  
0  
0  
0  
0  
0  
0  
0  
0  
0  
0  
0  
0  
0  
0  
0  
0  
0  
0  
0  
0  
0  
0  
0  
0  
0  
0  
0  
0  
0  
0  
0  
0  
0  
0  
0  
0  
0  
0  
0  
0  
0  
0  
0  
0  
0  
0  
0  
0  
0  
0  
0  
0  
0  
0  
0  
0  
0  
0  
0  
0  
0  
0  
0  
0  
0  
0  
0  
0  
0  
0  
0  
0  
0  
0  
0  
0  
0  
0  
0  
0  
0  
0  
0  
0  
0  
0  
0  
0  
0  
0  
0  
0  
0  
0  
1 T 1524979274.101000 
0  
0  
0  
0  
0  
0  
0  
0  
0  
0  
0  
0  
0  
0  
0  
0  
0  
0  
0  
0  
0  
0  
0  
0  
0  
0  
0  
0  
0  
0  
0  
0  
0  
0  
0  
0  
0  
0  
0  
0  
0  
0  
0  
0  
0  
0  
0  
0  
0  
0  
0  
0  
0  
0  
0  
0  
0  
0  
0  
0  
0  
0  
0  
0  
0  
0  
0  
0  
0  
0  
0  
0  
0  
0  
0  
0  
0  
0  
0  
0  
0  
0  
0  
0  
0  
0  
0  
0  
0  
0  
0  
0  
0  
0  
0  
0  
0  
0  
0  
1 T 1524979275.702000 
0  
0  
0  
0  
0  
0  
0  
0  
0  
0  
0  
0  
0  
0  
0  
0  
0  
0  
0  
0  
0  
0  
0  
0  
0  
0  
0  
0  
0  
0  
0  
0  
0  
0  
0  
0  
0  
0  
0  
0  
0  
0  
0  
0  
0  
0  
0  
0  
0  
0  
0  
0  
0  
0  
0  
0  
0  
0  
0  
0  
0  
0  
0  
0  
0  
0  
0  
0  
0  
0  
0  
0  
0  
0  
0  
0  
0  
0  
0  
0  
0  
0  
0  
0  
0  
0  
0  
0  
0  
0  
0  
0  
0  
0  
0  
0  
0  
0  
0  
1 T 1524979277.303000 
0  
0  
0  
0  
0  
0  
0  
0  
0  
0  
0  
0  
0  
0  
0  
0  
0  
0  
0  
0  
0  
0  
0  
0  
0  
0  
0  
0  
0  
0  
0  
0  
0  
0  
0  
0  
0  
0  
0  
0  
0  
0  
0  
0  
0  
0  
0  
0  
0  
0  
0  
0  
0  
0  
0  
0  
0  
0  
0  
0  
0  
0  
0  
0  
0  
0  
0  
0  
0  
0  
0  
0  
0  
0  
0  
0  
0  
0  
0  
0  
0  
0  
0  
0  
0  
0  
0  
0  
0  
0  
0  
0  
0  
0  
0  
0  
0  
0  
0  
1 T 1524979278.902000 
0  
0  
0  
0  
0  
0  
0  
0  
0  
0  
0  
0  
0  
0  
0  
0  
0  
0  
0  
0  
0  
0  
0  
0  
0  
0  
0  
0  
0  
0  
0  
0  
0  
0  
0  
0  
0  
0  
0  
0  
0  
0  
0  
0  
0  
0  
0  
0  
0  
0  
0  
0  
0  
0  
0  
0  
0  
0  
0  
0  
0  
0  
0  
0  
0  
0  
0  
0  
0  
0  
0  
0  
0  
0  
0  
0  
0  
0  
0  
0  
0  
0  
0  
0  
0  
0  
0  
0  
0  
0  
0  
0  
0  
0  
0  
0  
0  
0  
0  
1 T 1524979280.503000 
0  
0  
0  
0  
0  
0  
0  
0  
0  
0  
0  
0  
0  
0  
0  
0  
0  
0  
0  
0  
0  
0  
0  
0  
0  
0  
0  
0  
0  
0  
0  
0  
0  
0  
0  
0  
0  
0  
0  
0  
0  
0  
0  
0  
0  
0  
0  
0  
0  
0  
0  
0  
0  
0  
0  
0  
0  
0  
0  
0  
0  
0  
0  
0  
0  
0  
0  
0  
0  
0  
0  
0  
0  
0  
0  
0  
0  
0  
0  
0  
0  
0  
0  
0  
0  
0  
0  
0  
0  
0  
0  
0  
0  
0  
0  
0  
0  
0  
0  
1 T 1524979282.103000 
0  
0  
0  
0  
0  
0  
0  
0  
0  
0  
0  
0  
0  
0  
0  
0  
0  
0  
0  
0  
0  
0  
0  
0  
0  
0  
0  
0  
0  
0  
0  
0  
0  
0  
0  
0  
0  
0  
0  
0  
0  
0  
0  
0  
0  
0  
0  
0  
0  
0  
0  
0  
0  
0  
0  
0  
0  
0  
0  
0  
0  
0  
0  
0  
0  
0  
0  
0  
0  
0  
0  
0  
0  
0  
0  
0  
0  
0  
0  
0  
0  
0  
0  
0  
0  
0  
0  
0  
0  
0  
0  
0  
0  
0  
0  
0  
0  
0  
0  
1 T 1524979283.703000 
0  
0  
0  
0  
0  
0  
0  
0  
0  
0  
0  
0  
0  
0  
0  
0  
0  
0  
0  
0  
0  
0  
0  
0  
0  
0  
0  
0  
0  
0  
0  
0  
0  
0  
0  
0  
0  
0  
0  
0  
0  
0  
0  
0  
0  
0  
0  
0  
0  
0  
0  
0  
0  
0  
0  
0  
0  
0  
0  
0  
0  
0  
0  
0  
0  
0  
0  
0  
0  
0  
0  
0  
0  
0  
0  
0  
0  
0  
0  
0  
0  
0  
0  
0  
0  
0  
0  
0  
0  
0  
0  
0  
0  
0  
0  
0  
0  
0  
0  
1 T 1524979285.302000 
0  
0  
0  
0  
0  
0  
0  
0  
0  
0  
0  
0  
0  
0  
0  
0  
0  
0  
0  
0  
0  
0  
0  
0  
0  
0  
0  
0  
0  
0  
0  
0  
0  
0  
0  
0  
0  
0  
0  
0  
0  
0  
0  
0  
0  
0  
0  
0  
0  
0  
0  
0  
0  
0  
0  
0  
0  
0  
0  
0  
0  
0  
0  
0  
0  
0  
0  
0  
0  
0  
0  
0  
0  
0  
0  
0  
0  
0  
0  
0  
0  
0  
0  
0  
0  
0  
0  
0  
0  
0  
0  
0  
0  
0  
0  
0  
0  
0  
0  
1 T 1524979286.904000 
0  
0  
0  
0  
0  
0  
0  
0  
0  
0  
0  
0  
0  
0  
0  
0  
0  
0  
0  
0  
0  
0  
0  
0  
0  
0  
0  
0  
0  
0  
0  
0  
0  
0  
0  
0  
0  
0  
0  
0  
0  
0  
0  
0  
0  
0  
0  
0  
0  
0  
0  
0  
0  
0  
0  
0  
0  
0  
0  
0  
0  
0  
0  
0  
0  
0  
0  
0  
0  
0  
0  
0  
0  
0  
0  
0  
0  
0  
0  
0  
0  
0  
0  
0  
0  
0  
0  
0  
0  
0  
0  
0  
0  
0  
0  
0  
0  
0  
0  
1 T 1524979288.503000 
0  
0  
0  
0  
0  
0  
0  
0  
0  
0  
0  
0  
0  
0  
0  
0  
0  
0  
0  
0  
0  
0  
0  
0  
0  
0  
0  
0  
0  
0  
0  
0  
0  
0  
0  
0  
0  
0  
0  
0  
0  
0  
0  
0  
0  
0  
0  
0  
0  
0  
0  
0  
0  
0  
0  
0  
0  
0  
0  
0  
0  
0  
0  
0  
0  
0  
0  
0  
0  
0  
0  
0  
0  
0  
0  
0  
0  
0  
0  
0  
0  
0  
0  
0  
0  
0  
0  
0  
0  
0  
0  
0  
0  
0  
0  
0  
0  
0  
0  
1 T 1524979290.179000 
0  
0  
0  
0  
0  
0  
0  
0  
0  
0  
0  
0  
0  
0  
0  
0  
0  
0  
0  
0  
0  
0  
0  
0  
0  
0  
0  
0  
0  
0  
0  
0  
0  
0  
0  
0  
0  
0  
0  
0  
0  
0  
0  
0  
0  
0  
0  
0  
0  
0  
0  
0  
0  
0  
0  
0  
0  
0  
0  
0  
0  
0  
0  
0  
0  
0  
0  
0  
0  
0  
0  
0  
0  
0  
0  
0  
0  
0  
0  
0  
0  
0  
0  
0  
0  
0  
0  
0  
0  
0  
0  
0  
0  
0  
0  
0  
0  
0  
0  
1 T 1524979291.780000 
0  
0  
0  
0  
0  
0  
0  
0  
0  
0  
0  
0  
0  
0  
0  
0  
0  
0  
0  
0  
0  
0  
0  
0  
0  
0  
0  
0  
0  
0  
0  
0  
0  
0  
0  
0  
0  
0  
0  
0  
0  
0  
0  
0  
0  
0  
0  
0  
0  
0  
0  
0  
0  
0  
0  
0  
0  
0  
0  
0  
0  
0  
0  
0  
0  
0  
0  
0  
0  
0  
0  
0  
0  
0  
0  
0  
0  
0  
0  
0  
0  
0  
0  
0  
0  
0  
0  
0  
0  
0  
0  
0  
0  
0  
0  
0  
0  
0  
0  
1 T 1524979293.424000 
0  
0  
0  
0  
0  
0  
0  
0  
0  
0  
0  
0  
0  
0  
0  
0  
0  
0  
0  
0  
0  
0  
0  
0  
0  
0  
0  
0  
0  
0  
0  
0  
0  
0  
0  
0  
0  
0  
0  
0  
0  
0  
0  
0  
0  
0  
0  
0  
0  
0  
0  
0  
0  
0  
0  
0  
0  
0  
0  
0  
0  
0  
0  
0  
0  
0  
0  
0  
0  
0  
0  
0  
0  
0  
0  
0  
0  
0  
0  
0  
0  
0  
0  
0  
0  
0  
0  
0  
0  
0  
0  
0  
0  
0  
0  
0  
0  
0  
0  
1 T 1524979295.025000 
0  
0  
0  
0  
0  
0  
0  
0  
0  
0  
0  
0  
0  
0  
0  
0  
0  
0  
0  
0  
0  
0  
0  
0  
0  
0  
0  
0  
0  
0  
0  
0  
0  
0  
0  
0  
0  
0  
0  
0  
0  
0  
0  
0  
0  
0  
0  
0  
0  
0  
0  
0  
0  
0  
0  
0  
0  
0  
0  
0  
0  
0  
0  
0  
0  
0  
0  
0  
0  
0  
0  
0  
0  
0  
0  
0  
0  
0  
0  
0  
0  
0  
0  
0  
0  
0  
0  
0  
0  
0  
0  
0  
0  
0  
0  
0  
0  
0  
0  
1 T 1524979296.625000 
0  
0  
0  
0  
0  
0  
0  
0  
0  
0  
0  
0  
0  
0  
0  
0  
0  
0  
0  
0  
0  
0  
0  
0  
0  
0  
0  
0  
0  
0  
0  
0  
0  
0  
0  
0  
0  
0  
0  
0  
0  
0  
0  
0  
0  
0  
0  
0  
0  
0  
0  
0  
0  
0  
0  
0  
0  
0  
0  
0  
0  
0  
0  
0  
0  
0  
0  
0  
0  
0  
0  
0  
0  
0  
0  
0  
0  
0  
0  
0  
0  
0  
0  
0  
0  
0  
0  
0  
0  
0  
0  
0  
0  
0  
0  
0  
0  
0  
0  
1 T 1524979298.226000 
0  
0  
0  
0  
0  
0  
0  
0  
0  
0  
0  
0  
0  
0  
0  
0  
0  
0  
0  
0  
0  
0  
0  
0  
0  
0  
0  
0  
0  
0  
0  
0  
0  
0  
0  
0  
0  
0  
0  
0  
0  
0  
0  
0  
0  
0  
0  
0  
0  
0  
0  
0  
0  
0  
0  
0  
0  
0  
0  
0  
0  
0  
0  
0  
0  
0  
0  
0  
0  
0  
0  
0  
0  
0  
0  
0  
0  
0  
0  
0  
0  
0  
0  
0  
0  
0  
0  
0  
0  
0  
0  
0  
0  
0  
0  
0  
0  
0  
0  
1 T 1524979299.826000 
0  
0  
0  
0  
0  
0  
0  
0  
0  
0  
0  
0  
0  
0  
0  
0  
0  
0  
0  
0  
0  
0  
0  
0  
0  
0  
0  
0  
0  
0  
0  
0  
0  
0  
0  
0  
0  
0  
0  
0  
0  
0  
0  
0  
0  
0  
0  
0  
0  
0  
0  
0  
0  
0  
0  
0  
0  
0  
0  
0  
0  
0  
0  
0  
0  
0  
0  
0  
0  
0  
0  
0  
0  
0  
0  
0  
0  
0  
0  
0  
0  
0  
0  
0  
0  
0  
0  
0  
0  
0  
0  
0  
0  
0  
0  
0  
0  
0  
0  
1 T 1524979301.425000 
0  
0  
0  
0  
0  
0  
0  
0  
0  
0  
0  
0  
0  
0  
0  
0  
0  
0  
0  
0  
0  
0  
0  
0  
0  
0  
0  
0  
0  
0  
0  
0  
0  
0  
0  
0  
0  
0  
0  
0  
0  
0  
0  
0  
0  
0  
0  
0  
0  
0  
0  
0  
0  
0  
0  
0  
0  
0  
0  
0  
0  
0  
0  
0  
0  
0  
0  
0  
0  
0  
0  
0  
0  
0  
0  
0  
0  
0  
0  
0  
0  
0  
0  
0  
0  
0  
0  
0  
0  
0  
0  
0  
0  
0  
0  
0  
0  
0  
0  
1 T 1524979303.087000 
0  
0  
0  
0  
0  
0  
0  
0  
0  
0  
0  
0  
0  
0  
0  
0  
0  
0  
0  
0  
0  
0  
0  
0  
0  
0  
0  
0  
0  
0  
0  
0  
0  
0  
0  
0  
0  
0  
0  
0  
0  
0  
0  
0  
0  
0  
0  
0  
0  
0  
0  
0  
0  
0  
0  
0  
0  
0  
0  
0  
0  
0  
0  
0  
0  
0  
0  
0  
0  
0  
0  
0  
0  
0  
0  
0  
0  
0  
0  
0  
0  
0  
0  
0  
0  
0  
0  
0  
0  
0  
0  
0  
0  
0  
0  
0  
0  
0  
0  
1 T 1524979304.688000 
0  
0  
0  
0  
0  
0  
0  
0  
0  
0  
0  
0  
0  
0  
0  
0  
0  
0  
0  
0  
0  
0  
0  
0  
0  
0  
0  
0  
0  
0  
0  
0  
0  
0  
0  
0  
0  
0  
0  
0  
0  
0  
0  
0  
0  
0  
0  
0  
0  
0  
0  
0  
0  
0  
0  
0  
0  
0  
0  
0  
0  
0  
0  
0  
0  
0  
0  
0  
0  
0  
0  
0  
0  
0  
0  
0  
0  
0  
0  
0  
0  
0  
0  
0  
0  
0  
0  
0  
0  
0  
0  
0  
0  
0  
0  
0  
0  
0  
0  
1 T 1524979306.288000 
0  
0  
0  
0  
0  
0  
0  
0  
0  
0  
0  
0  
0  
0  
0  
0  
0  
0  
0  
0  
0  
0  
0  
0  
0  
0  
0  
0  
0  
0  
0  
0  
0  
0  
0  
0  
0  
0  
0  
0  
0  
0  
0  
0  
0  
0  
0  
0  
0  
0  
0  
0  
0  
0  
0  
0  
0  
0  
0  
0  
0  
0  
0  
0  
0  
0  
0  
0  
0  
0  
0  
0  
0  
0  
0  
0  
0  
0  
0  
0  
0  
0  
0  
0  
0  
0  
0  
0  
0  
0  
0  
0  
0  
0  
0  
0  
0  
0  
0  
1 T 1524979307.901000 
0  
0  
0  
0  
0  
0  
0  
0  
0  
0  
0  
0  
0  
0  
0  
0  
0  
0  
0  
0  
0  
0  
0  
0  
0  
0  
0  
0  
0  
0  
0  
0  
0  
0  
0  
0  
0  
0  
0  
0  
0  
0  
0  
0  
0  
0  
0  
0  
0  
0  
0  
0  
0  
0  
0  
0  
0  
0  
0  
0  
0  
0  
0  
0  
0  
0  
0  
0  
0  
0  
0  
0  
0  
0  
0  
0  
0  
0  
0  
0  
0  
0  
0  
0  
0  
0  
0  
0  
0  
0  
0  
0  
0  
0  
0  
0  
0  
0  
0  
1 T 1524979309.502000 
0  
0  
0  
0  
0  
0  
0  
0  
0  
0  
0  
0  
0  
0  
0  
0  
0  
0  
0  
0  
0  
0  
0  
0  
0  
0  
0  
0  
0  
0  
0  
0  
0  
0  
0  
0  
0  
0  
0  
0  
0  
0  
0  
0  
0  
0  
0  
0  
0  
0  
0  
0  
0  
0  
0  
0  
0  
0  
0  
0  
0  
0  
0  
0  
0  
0  
0  
0  
0  
0  
0  
0  
0  
0  
0  
0  
0  
0  
0  
0  
0  
0  
0  
0  
0  
0  
0  
0  
0  
0  
0  
0  
0  
0  
0  
0  
0  
0  
0  
1 T 1524979311.103000 
0  
0  
0  
0  
0  
0  
0  
0  
0  
0  
0  
0  
0  
0  
0  
0  
0  
0  
0  
0  
0  
0  
0  
0  
0  
0  
0  
0  
0  
0  
0  
0  
0  
0  
0  
0  
0  
0  
0  
0  
0  
0  
0  
0  
0  
0  
0  
0  
0  
0  
0  
0  
0  
0  
0  
0  
0  
0  
0  
0  
0  
0  
0  
0  
0  
0  
0  
0  
0  
0  
0  
0  
0  
0  
0  
0  
0  
0  
0  
0  
0  
0  
0  
0  
0  
0  
0  
0  
0  
0  
0  
0  
0  
0  
0  
0  
0  
0  
0  
1 T 1524979312.702000 
0  
0  
0  
0  
0  
0  
0  
0  
0  
0  
0  
0  
0  
0  
0  
0  
0  
0  
0  
0  
0  
0  
0  
0  
0  
0  
0  
0  
0  
0  
0  
0  
0  
0  
0  
0  
0  
0  
0  
0  
0  
0  
0  
0  
0  
0  
0  
0  
0  
0  
0  
0  
0  
0  
0  
0  
0  
0  
0  
0  
0  
0  
0  
0  
0  
0  
0  
0  
0  
0  
0  
0  
0  
0  
0  
0  
0  
0  
0  
0  
0  
0  
0  
0  
0  
0  
0  
0  
0  
0  
0  
0  
0  
0  
0  
0  
0  
0  
0  
1 T 1524979314.303000 
0  
0  
0  
0  
0  
0  
0  
0  
0  
0  
0  
0  
0  
0  
0  
0  
0  
0  
0  
0  
0  
0  
0  
0  
0  
0  
0  
0  
0  
0  
0  
0  
0  
0  
0  
0  
0  
0  
0  
0  
0  
0  
0  
0  
0  
0  
0  
0  
0  
0  
0  
0  
0  
0  
0  
0  
0  
0  
0  
0  
0  
0  
0  
0  
0  
0  
0  
0  
0  
0  
0  
0  
0  
0  
0  
0  
0  
0  
0  
0  
0  
0  
0  
0  
0  
0  
0  
0  
0  
0  
0  
0  
0  
0  
0  
0  
0  
0  
0  
1 T 1524979315.904000 
0  
0  
0  
0  
0  
0  
0  
0  
0  
0  
0  
0  
0  
0  
0  
0  
0  
0  
0  
0  
0  
0  
0  
0  
0  
0  
0  
0  
0  
0  
0  
0  
0  
0  
0  
0  
0  
0  
0  
0  
0  
0  
0  
0  
0  
0  
0  
0  
0  
0  
0  
0  
0  
0  
0  
0  
0  
0  
0  
0  
0  
0  
0  
0  
0  
0  
0  
0  
0  
0  
0  
0  
0  
0  
0  
0  
0  
0  
0  
0  
0  
0  
0  
0  
0  
0  
0  
0  
0  
0  
0  
0  
0  
0  
0  
0  
0  
0  
0  
1 T 1524979317.505000 
0  
0  
0  
0  
0  
0  
0  
0  
0  
0  
0  
0  
0  
0  
0  
0  
0  
0  
0  
0  
0  
0  
0  
0  
0  
0  
0  
0  
0  
0  
0  
0  
0  
0  
0  
0  
0  
0  
0  
0  
0  
0  
0  
0  
0  
0  
0  
0  
0  
0  
0  
0  
0  
0  
0  
0  
0  
0  
0  
0  
0  
0  
0  
0  
0  
0  
0  
0  
0  
0  
0  
0  
0  
0  
0  
0  
0  
0  
0  
0  
0  
0  
0  
0  
0  
0  
0  
0  
0  
0  
0  
0  
0  
0  
0  
0  
0  
0  
0  
1 T 1524979319.105000 
0  
0  
0  
0  
0  
0  
0  
0  
0  
0  
0  
0  
0  
0  
0  
0  
0  
0  
0  
0  
0  
0  
0  
0  
0  
0  
0  
0  
0  
0  
0  
0  
0  
0  
0  
0  
0  
0  
0  
0  
0  
0  
0  
0  
0  
0  
0  
0  
0  
0  
0  
0  
0  
0  
0  
0  
0  
0  
0  
0  
0  
0  
0  
0  
0  
0  
0  
0  
0  
0  
0  
0  
0  
0  
0  
0  
0  
0  
0  
0  
0  
0  
0  
0  
0  
0  
0  
0  
0  
0  
0  
0  
0  
0  
0  
0  
0  
0  
0  
1 T 1524979320.722000 
0  
0  
0  
0  
0  
0  
0  
0  
0  
0  
0  
0  
0  
0  
0  
0  
0  
0  
0  
0  
0  
0  
0  
0  
0  
0  
0  
0  
0  
0  
0  
0  
0  
0  
0  
0  
0  
0  
0  
0  
0  
0  
0  
0  
0  
0  
0  
0  
0  
0  
0  
0  
0  
0  
0  
0  
0  
0  
0  
0  
0  
0  
0  
0  
0  
0  
0  
0  
0  
0  
0  
0  
0  
0  
0  
0  
0  
0  
0  
0  
0  
0  
0  
0  
0  
0  
0  
0  
0  
0  
0  
0  
0  
0  
0  
0  
0  
0  
0  
1 T 1524979322.321000 
0  
0  
0  
0  
0  
0  
0  
0  
0  
0  
0  
0  
0  
0  
0  
0  
0  
0  
0  
0  
0  
0  
0  
0  
0  
0  
0  
0  
0  
0  
0  
0  
0  
0  
0  
0  
0  
0  
0  
0  
0  
0  
0  
0  
0  
0  
0  
0  
0  
0  
0  
0  
0  
0  
0  
0  
0  
0  
0  
0  
0  
0  
0  
0  
0  
0  
0  
0  
0  
0  
0  
0  
0  
0  
0  
0  
0  
0  
0  
0  
0  
0  
0  
0  
0  
0  
0  
0  
0  
0  
0  
0  
0  
0  
0  
0  
0  
0  
0  
1 T 1524979323.923000 
0  
0  
0  
0  
0  
0  
0  
0  
0  
0  
0  
0  
0  
0  
0  
0  
0  
0  
0  
0  
0  
0  
0  
0  
0  
0  
0  
0  
0  
0  
0  
0  
0  
0  
0  
0  
0  
0  
0  
0  
0  
0  
0  
0  
0  
0  
0  
0  
0  
0  
0  
0  
0  
0  
0  
0  
0  
0  
0  
0  
0  
0  
0  
0  
0  
0  
0  
0  
0  
0  
0  
0  
0  
0  
0  
0  
0  
0  
0  
0  
0  
0  
0  
0  
0  
0  
0  
0  
0  
0  
0  
0  
0  
0  
0  
0  
0  
0  
0  
1 T 1524979325.563000 
0  
0  
0  
0  
0  
0  
0  
0  
0  
0  
0  
0  
0  
0  
0  
0  
0  
0  
0  
0  
0  
0  
0  
0  
0  
0  
0  
0  
0  
0  
0  
0  
0  
0  
0  
0  
0  
0  
0  
0  
0  
0  
0  
0  
0  
0  
0  
0  
0  
0  
0  
0  
0  
0  
0  
0  
0  
0  
0  
0  
0  
0  
0  
0  
0  
0  
0  
0  
0  
0  
0  
0  
0  
0  
0  
0  
0  
0  
0  
0  
0  
0  
0  
0  
0  
0  
0  
0  
0  
0  
0  
0  
0  
0  
0  
0  
0  
0  
0  
1 T 1524979327.163000 
0  
0  
0  
0  
0  
0  
0  
0  
0  
0  
0  
0  
0  
0  
0  
0  
0  
0  
0  
0  
0  
0  
0  
0  
0  
0  
0  
0  
0  
0  
0  
0  
0  
0  
0  
0  
0  
0  
0  
0  
0  
0  
0  
0  
0  
0  
0  
0  
0  
0  
0  
0  
0  
0  
0  
0  
0  
0  
0  
0  
0  
0  
0  
0  
0  
0  
0  
0  
0  
0  
0  
0  
0  
0  
0  
0  
0  
0  
0  
0  
0  
0  
0  
0  
0  
0  
0  
0  
0  
0  
0  
0  
0  
0  
0  
0  
0  
0  
0  
1 T 1524979328.764000 
0  
0  
0  
0  
0  
0  
0  
0  
0  
0  
0  
0  
0  
0  
0  
0  
0  
0  
0  
0  
0  
0  
0  
0  
0  
0  
0  
0  
0  
0  
0  
0  
0  
0  
0  
0  
0  
0  
0  
0  
0  
0  
0  
0  
0  
0  
0  
0  
0  
0  
0  
0  
0  
0  
0  
0  
0  
0  
0  
0  
0  
0  
0  
0  
0  
0  
0  
0  
0  
0  
0  
0  
0  
0  
0  
0  
0  
0  
0  
0  
0  
0  
0  
0  
0  
0  
0  
0  
0  
0  
0  
0  
0  
0  
0  
0  
0  
0  
0  
1 T 1524979330.365000 
0  
0  
0  
0  
0  
0  
0  
0  
0  
0  
0  
0  
0  
0  
0  
0  
0  
0  
0  
0  
0  
0  
0  
0  
0  
0  
0  
0  
0  
0  
0  
0  
0  
0  
0  
0  
0  
0  
0  
0  
0  
0  
0  
0  
0  
0  
0  
0  
0  
0  
0  
0  
0  
0  
0  
0  
0  
0  
0  
0  
0  
0  
0  
0  
0  
0  
0  
0  
0  
0  
0  
0  
0  
0  
0  
0  
0  
0  
0  
0  
0  
0  
0  
0  
0  
0  
0  
0  
0  
0  
0  
0  
0  
0  
0  
0  
0  
0  
0  
1 T 1524979331.965000 
0  
0  
0  
0  
0  
0  
0  
0  
0  
0  
0  
0  
0  
0  
0  
0  
0  
0  
0  
0  
0  
0  
0  
0  
0  
0  
0  
0  
0  
0  
0  
0  
0  
0  
0  
0  
0  
0  
0  
0  
0  
0  
0  
0  
0  
0  
0  
0  
0  
0  
0  
0  
0  
0  
0  
0  
0  
0  
0  
0  
0  
0  
0  
0  
0  
0  
0  
0  
0  
0  
0  
0  
0  
0  
0  
0  
0  
0  
0  
0  
0  
0  
0  
0  
0  
0  
0  
0  
0  
0  
0  
0  
0  
0  
0  
0  
0  
0  
0  
1 T 1524979333.611000 
0  
0  
0  
0  
0  
0  
0  
0  
0  
0  
0  
0  
0  
0  
0  
0  
0  
0  
0  
0  
0  
0  
0  
0  
0  
0  
0  
0  
0  
0  
0  
0  
0  
0  
0  
0  
0  
0  
0  
0  
0  
0  
0  
0  
0  
0  
0  
0  
0  
0  
0  
0  
0  
0  
0  
0  
0  
0  
0  
0  
0  
0  
0  
0  
0  
0  
0  
0  
0  
0  
0  
0  
0  
0  
0  
0  
0  
0  
0  
0  
0  
0  
0  
0  
0  
0  
0  
0  
0  
0  
0  
0  
0  
0  
0  
0  
0  
0  
0  
1 T 1524979335.210000 
0  
0  
0  
0  
0  
0  
0  
0  
0  
0  
0  
0  
0  
0  
0  
0  
0  
0  
0  
0  
0  
0  
0  
0  
0  
0  
0  
0  
0  
0  
0  
0  
0  
0  
0  
0  
0  
0  
0  
0  
0  
0  
0  
0  
0  
0  
0  
0  
0  
0  
0  
0  
0  
0  
0  
0  
0  
0  
0  
0  
0  
0  
0  
0  
0  
0  
0  
0  
0  
0  
0  
0  
0  
0  
0  
0  
0  
0  
0  
0  
0  
0  
0  
0  
0  
0  
0  
0  
0  
0  
0  
0  
0  
0  
0  
0  
0  
0  
0  
1 T 1524979336.810000 
0  
0  
0  
0  
0  
0  
0  
0  
0  
0  
0  
0  
0  
0  
0  
0  
0  
0  
0  
0  
0  
0  
0  
0  
0  
0  
0  
0  
0  
0  
0  
0  
0  
0  
0  
0  
0  
0  
0  
0  
0  
0  
0  
0  
0  
0  
0  
0  
0  
0  
0  
0  
0  
0  
0  
0  
0  
0  
0  
0  
0  
0  
0  
0  
0  
0  
0  
0  
0  
0  
0  
0  
0  
0  
0  
0  
0  
0  
0  
0  
0  
0  
0  
0  
0  
0  
0  
0  
0  
0  
0  
0  
0  
0  
0  
0  
0  
0  
0  
1 T 1524979338.410000 
0  
0  
0  
0  
0  
0  
0  
0  
0  
0  
0  
0  
0  
0  
0  
0  
0  
0  
0  
0  
0  
0  
0  
0  
0  
0  
0  
0  
0  
0  
0  
0  
0  
0  
0  
0  
0  
0  
0  
0  
0  
0  
0  
0  
0  
0  
0  
0  
0  
0  
0  
0  
0  
0  
0  
0  
0  
0  
0  
0  
0  
0  
0  
0  
0  
0  
0  
0  
0  
0  
0  
0  
0  
0  
0  
0  
0  
0  
0  
0  
0  
0  
0  
0  
0  
0  
0  
0  
0  
0  
0  
0  
0  
0  
0  
0  
0  
0  
0  
1 T 1524979340.010000 
0  
0  
0  
0  
0  
0  
0  
0  
0  
0  
0  
0  
0  
0  
0  
0  
0  
0  
0  
0  
0  
0  
0  
0  
0  
0  
0  
0  
0  
0  
0  
0  
0  
0  
0  
0  
0  
0  
0  
0  
0  
0  
0  
0  
0  
0  
0  
0  
0  
0  
0  
0  
0  
0  
0  
0  
0  
0  
0  
0  
0  
0  
0  
0  
0  
0  
0  
0  
0  
0  
0  
0  
0  
0  
0  
0  
0  
0  
0  
0  
0  
0  
0  
0  
0  
0  
0  
0  
0  
0  
0  
0  
0  
0  
0  
0  
0  
0  
0  
2 T 1524979341.611000 T 1524979341.612000 
0  
0  
0  
0  
0  
0  
0  
0  
0  
0  
0  
0  
0  
0  
0  
0  
0  
0  
0  
0  
0  
0  
0  
0  
0  
0  
0  
0  
0  
0  
0  
0  
0  
0  
0  
0  
0  
0  
0  
0  
0  
0  
0  
0  
0  
0  
0  
0  
0  
0  
0  
0  
0  
0  
0  
0  
0  
0  
0  
0  
0  
0  
0  
0  
0  
0  
0  
0  
0  
0  
0  
0  
0  
0  
0  
0  
0  
0  
0  
0  
0  
0  
0  
0  
0  
0  
0  
0  
0  
0  
0  
0  
0  
0  
0  
0  
0  
0  
0  
1 T 1524979343.212000 
0  
0  
0  
0  
0  
0  
0  
0  
0  
0  
0  
0  
0  
0  
0  
0  
0  
0  
0  
0  
0  
0  
0  
0  
0  
0  
0  
0  
0  
0  
0  
0  
0  
0  
0  
0  
0  
0  
0  
0  
0  
0  
0  
0  
0  
0  
0  
0  
0  
0  
0  
0  
0  
0  
0  
0  
0  
0  
0  
0  
0  
0  
0  
0  
0  
0  
0  
0  
0  
0  
0  
0  
0  
0  
0  
0  
0  
0  
0  
0  
0  
0  
0  
0  
0  
0  
0  
0  
0  
0  
0  
0  
0  
0  
0  
0  
0  
0  
0  
1 T 1524979344.812000 
0  
0  
0  
0  
0  
0  
0  
0  
0  
0  
0  
0  
0  
0  
0  
0  
0  
0  
0  
0  
0  
0  
0  
0  
0  
0  
0  
0  
0  
0  
0  
0  
0  
0  
0  
0  
0  
0  
0  
0  
0  
0  
0  
0  
0  
0  
0  
0  
0  
0  
0  
0  
0  
0  
0  
0  
0  
0  
0  
0  
0  
0  
0  
0  
0  
0  
0  
0  
0  
0  
0  
0  
0  
0  
0  
0  
0  
0  
0  
0  
0  
0  
0  
0  
0  
0  
0  
0  
0  
0  
0  
0  
0  
0  
0  
0  
0  
0  
0  
1 T 1524979346.431000 
0  
0  
0  
0  
0  
0  
0  
0  
0  
0  
0  
0  
0  
0  
0  
0  
0  
0  
0  
0  
0  
0  
0  
0  
0  
0  
0  
0  
0  
0  
0  
0  
0  
0  
0  
0  
0  
0  
0  
0  
0  
0  
0  
0  
0  
0  
0  
0  
0  
0  
0  
0  
0  
0  
0  
0  
0  
0  
0  
0  
0  
0  
0  
0  
0  
0  
0  
0  
0  
0  
0  
0  
0  
0  
0  
0  
0  
0  
0  
0  
0  
0  
0  
0  
0  
0  
0  
0  
0  
0  
0  
0  
0  
0  
0  
0  
0  
0  
0  
1 T 1524979348.032000 
0  
0  
0  
0  
0  
0  
0  
0  
0  
0  
0  
0  
0  
0  
0  
0  
0  
0  
0  
0  
0  
0  
0  
0  
0  
0  
0  
0  
0  
0  
0  
0  
0  
0  
0  
0  
0  
0  
0  
0  
0  
0  
0  
0  
0  
0  
0  
0  
0  
0  
0  
0  
0  
0  
0  
0  
0  
0  
0  
0  
0  
0  
0  
0  
0  
0  
0  
0  
0  
0  
0  
0  
0  
0  
0  
0  
0  
0  
0  
0  
0  
0  
0  
0  
0  
0  
0  
0  
0  
0  
0  
0  
0  
0  
0  
0  
0  
0  
0  
1 T 1524979349.646000 
0  
0  
0  
0  
0  
0  
0  
0  
0  
0  
0  
0  
0  
0  
0  
0  
0  
0  
0  
0  
0  
0  
0  
0  
0  
0  
0  
0  
0  
0  
0  
0  
0  
0  
0  
0  
0  
0  
0  
0  
0  
0  
0  
0  
0  
0  
0  
0  
0  
0  
0  
0  
0  
0  
0  
0  
0  
0  
0  
0  
2  mm 722 421 mm 767 446
0  
1  mm 768 446
0  
0  
1  mm 767 446
0  
0  
0  
0  
0  
0  
0  
0  
0  
0  
1  mm 767 445
0  
1  mm 767 444
1  mm 771 442
1  mm 784 434
1  mm 793 423
1  mm 800 414
1  mm 806 407
1  mm 810 404
1  mm 819 395
1  mm 841 379
1  mm 868 364
1  mm 908 345
1  mm 938 334
1  mm 959 327
1  mm 970 327
1  mm 976 328
1  mm 983 330
1  mm 991 332
1  mm 1001 332
1  mm 1006 333
1  mm 1014 333
1  mm 1020 333
2 T 1524979352.076000 mm 1022 333
1  mm 1022 334
0  
0  
0  
0  
0  
1  mm 1021 333
1  mm 1019 331
1  mm 1017 329
1  mm 1017 328
1  mm 1016 328
1  mm 1016 327
1  mm 1013 320
1  mm 1012 309
1  mm 1008 306
1  mm 1008 305
0  
0  
1  mm 1008 306
1  mm 1011 311
1  mm 1022 331
1  mm 1032 358
1  mm 1039 402
1  mm 1040 442
1  mm 1038 478
1  mm 1035 511
1  mm 1031 533
1  mm 1030 538
1  mm 1028 538
1  mm 1028 539
1  mm 1027 540
1  mm 1025 545
1  mm 1020 560
1  mm 1015 573
1  mm 1011 586
1  mm 1009 596
1  mm 1005 614
1  mm 1006 625
1  mm 1006 630
0  
0  
0  
0  
0  
0  
0  
0  
0  
0  
1  mm 1006 631
1  mm 1006 632
1  mm 1005 633
0  
0  
0  
1  mb 1 1 1005 633
0  
0  
0  
0  
0  
0  
2 T 1524979353.133000 mb 1 0 1005 633
1 T 1524979353.144000 
1 T 1524979353.161000 
1 T 1524979353.178000 
1 T 1524979353.194000 
1 T 1524979353.210000 
1 T 1524979353.227000 
1 T 1524979353.244000 
1 T 1524979353.261000 
1 T 1524979353.277000 
1 T 1524979353.295000 
1 T 1524979353.312000 
1 T 1524979353.328000 
1 T 1524979353.345000 
1 T 1524979353.361000 
1 T 1524979353.379000 
1 T 1524979353.395000 
2 T 1524979353.412000 mm 1004 633
2 T 1524979353.428000 mm 1002 633
2 T 1524979353.444000 mm 1001 633
2 T 1524979353.462000 mm 1000 633
2 T 1524979353.480000 mm 998 632
2 T 1524979353.495000 mm 996 631
2 T 1524979353.512000 mm 993 630
2 T 1524979353.529000 mm 988 627
2 T 1524979353.545000 mm 984 624
2 T 1524979353.562000 mm 980 622
2 T 1524979353.579000 mm 979 621
2 T 1524979353.596000 mm 978 620
1 T 1524979353.612000 
1 T 1524979353.629000 
1 T 1524979353.646000 
2 T 1524979353.662000 mm 977 620
2 T 1524979353.680000 mm 974 619
2 T 1524979353.696000 mm 972 617
2 T 1524979353.713000 mm 970 616
2 T 1524979353.730000 mm 968 615
2 T 1524979353.746000 mm 967 615
2 T 1524979353.763000 mm 967 614
2 T 1524979353.779000 mm 966 614
1 T 1524979353.796000 
2 T 1524979353.813000 mm 965 614
2 T 1524979353.830000 mm 963 613
1 T 1524979353.846000 
2 T 1524979353.863000 mm 961 612
1 T 1524979353.880000 
2 T 1524979353.896000 mm 960 611
2 T 1524979353.912000 mm 957 610
2 T 1524979353.929000 mm 955 610
2 T 1524979353.947000 mm 953 608
2 T 1524979353.964000 mm 951 607
2 T 1524979353.980000 mm 950 607
1 T 1524979353.996000 
1 T 1524979354.014000 
1 T 1524979354.030000 
2 T 1524979354.048000 mm 950 606
2 T 1524979354.064000 mm 949 606
2 T 1524979354.080000 mm 948 606
2 T 1524979354.098000 mm 948 605
2 T 1524979354.113000 mm 947 605
2 T 1524979354.131000 mm 946 604
7 T 1524979354.148000 xs 0 2 10 52454A45435445440A23 xs 0 3 -1 T 1524979354.157000 T 1524979354.289000 T 1524979354.293000 mm 944 604
2 T 1524979354.295000 mm 935 592
2 T 1524979354.311000 mm 933 591
2 T 1524979354.328000 mm 932 588
2 T 1524979354.344000 mm 931 586
2 T 1524979354.359000 mm 929 585
2 T 1524979354.376000 mm 926 581
2 T 1524979354.392000 mm 923 576
2 T 1524979354.408000 mm 921 573
2 T 1524979354.424000 mm 919 570
2 T 1524979354.439000 mm 918 569
2 T 1524979354.456000 mm 916 567
2 T 1524979354.472000 mm 915 566
2 T 1524979354.487000 mm 914 563
2 T 1524979354.503000 mm 912 561
2 T 1524979354.519000 mm 911 560
2 T 1524979354.535000 mm 910 558
2 T 1524979354.551000 mm 910 557
2 T 1524979354.567000 mm 910 556
2 T 1524979354.583000 mm 909 556
2 T 1524979354.599000 mm 909 555
2 T 1524979354.617000 mm 908 554
2 T 1524979354.633000 mm 907 554
1 T 1524979354.650000 
1 T 1524979354.666000 
1 T 1524979354.682000 
1 T 1524979354.700000 
1 T 1524979354.716000 
2 T 1524979354.733000 mm 908 554
2 T 1524979354.749000 mm 910 556
2 T 1524979354.766000 mm 914 561
2 T 1524979354.784000 mm 917 565
2 T 1524979354.801000 mm 920 568
2 T 1524979354.817000 mm 922 571
2 T 1524979354.833000 mm 923 572
2 T 1524979354.850000 mm 923 573
1 T 1524979354.866000 
1 T 1524979354.884000 
1 T 1524979354.900000 
2 T 1524979354.917000 mm 922 572
2 T 1524979354.934000 mm 918 562
2 T 1524979354.950000 mm 911 547
2 T 1524979354.968000 mm 905 522
2 T 1524979354.984000 mm 895 466
2 T 1524979355.001000 mm 892 414
2 T 1524979355.018000 mm 893 381
2 T 1524979355.034000 mm 893 364
2 T 1524979355.050000 mm 894 351
2 T 1524979355.068000 mm 893 342
2 T 1524979355.085000 mm 893 326
2 T 1524979355.101000 mm 884 310
2 T 1524979355.118000 mm 869 287
2 T 1524979355.134000 mm 854 272
2 T 1524979355.150000 mm 842 264
2 T 1524979355.167000 mm 834 259
2 T 1524979355.185000 mm 828 258
2 T 1524979355.202000 mm 825 256
2 T 1524979355.217000 mm 821 256
2 T 1524979355.234000 mm 814 257
2 T 1524979355.252000 mm 803 255
2 T 1524979355.268000 mm 799 253
2 T 1524979355.285000 mm 790 248
2 T 1524979355.301000 mm 784 242
2 T 1524979355.318000 mm 777 238
2 T 1524979355.335000 mm 776 237
2 T 1524979355.352000 mm 775 237
1 T 1524979355.368000 
2 T 1524979355.385000 mm 774 237
2 T 1524979355.402000 mm 771 235
1  mm 769 235
1  mm 767 233
1  mm 765 233
1  mm 764 233
0  
0  
0  
1 T 1524979355.534000 
0  
0  
0  
0  
0  
0  
0  
1  mm 765 233
1  mm 764 233
0  
1  mm 763 234
0  
0  
0  
0  
0  
0  
0  
0  
0  
0  
0  
0  
0  
0  
0  
0  
0  
0  
0  
0  
0  
0  
1  mm 762 234
1  mm 759 234
1  mm 755 231
1  mm 745 226
1  mm 737 218
1  mm 732 213
1  mm 730 212
0  
0  
0  
1  mm 729 212
1  mm 729 214
1  mm 724 220
1  mm 723 223
1  mm 721 226
1  mm 721 227
1  mm 720 229
1  mm 719 231
1  mm 718 234
1  mm 717 239
1  mm 716 241
1  mm 714 242
1  mm 714 243
0  
0  
0  
0  
0  
1  mb 1 1 714 243
0  
0  
0  
0  
0  
0  
0  
0  
0  
1  mb 1 0 714 243
0  
0  
0  
0  
0  
0  
0  
0  
0  
0  
0  
0  
0  
0  
0  
0  
0  
0  
0  
0  
0  
0  
0  
0  
0  
0  
0  
1 T 1524979357.206000 
0  
0  
0  
0  
0  
0  
0  
0  
0  
0  
0  
0  
0  
0  
0  
1  mm 714 242
1  mm 714 240
1  mm 713 237
1  mm 713 232
1  mm 711 226
1  mm 710 222
1  mm 709 216
1  mm 708 212
1  mm 707 208
1  mm 704 202
1  mm 701 194
1  mm 698 189
1  mm 696 184
1  mm 693 181
1  mm 691 176
1  mm 687 171
1  mm 685 167
1  mm 683 165
1  mm 682 165
1  mm 682 164
1  mm 681 163
1  mm 678 162
1  mm 676 159
1  mm 675 158
1  mm 674 158
0  
0  
1  mm 673 157
1  mm 672 156
1  mm 671 154
1  mm 670 153
1  mm 670 152
1  mm 670 151
1  mm 669 150
1  mm 669 149
1  mm 668 148
1  mm 667 146
1  mm 666 145
1  mm 665 142
0  
1  mm 664 141
1  mm 664 140
1  mm 664 139
1  mm 663 138
1  mm 663 137
1  mm 662 136
1  mm 662 135
0  
0  
0  
0  
0  
0  
0  
0  
0  
0  
0  
0  
0  
0  
0  
1  mm 662 136
1  mm 663 138
1  mm 666 143
1  mm 670 147
1  mm 676 154
1  mm 684 163
1  mm 697 179
1  mm 729 205
1  mm 786 258
1  mm 837 308
1  mm 882 354
1  mm 916 390
1  mm 940 407
1  mm 950 412
1  mm 952 414
1  mm 952 415
0  
0  
0  
0  
1  mm 953 415
1  mm 953 416
2 T 1524979358.878000 mm 953 417
1  mm 953 418
1  mm 953 419
0  
0  
1  mm 952 419
1  mm 948 415
1  mm 937 404
1  mm 918 379
1  mm 880 333
1  mm 853 299
1  mm 835 271
1  mm 822 246
1  mm 814 228
1  mm 807 211
1  mm 801 196
1  mm 793 183
1  mm 786 174
1  mm 778 164
1  mm 769 157
1  mm 759 148
1  mm 745 133
1  mm 736 127
1  mm 734 124
1  mm 733 124
1  mm 732 124
0  
1  mm 730 125
1  mm 728 127
1  mm 722 130
1  mm 717 132
1  mm 714 133
1  mm 714 134
0  
0  
0  
1  mm 713 134
0  
1  mm 712 134
0  
0  
0  
0  
0  
0  
0  
0  
0  
0  
0  
0  
0  
0  
0  
1  mm 712 135
1  mm 712 136
0  
1  mm 711 136
1  mm 711 137
0  
0  
1  mm 711 138
0  
0  
1  mm 711 139
1  mm 711 140
1  mm 711 145
1  mm 712 155
1  mm 713 162
1  mm 713 170
1  mm 715 178
1  mm 719 192
1  mm 721 200
1  mm 724 207
1  mm 726 212
1  mm 730 228
1  mm 728 232
1  mm 728 233
1  mm 729 234
0  
0  
0  
0  
1  mm 729 235
0  
1  mm 729 234
0  
0  
0  
1  mm 729 235
0  
0  
1  mm 729 234
0  
0  
0  
0  
0  
0  
0  
1 T 1524979360.582000 
0  
0  
0  
0  
0  
0  
0  
0  
0  
0  
0  
0  
0  
0  
0  
0  
1  mm 729 235
1  mm 730 236
1  mm 731 238
1  mm 732 239
0  
1  mm 733 240
1  mm 735 241
1  mm 736 242
0  
1  mm 737 243
0  
1  mm 737 244
1  mm 738 245
0  
1  mm 739 245
0  
0  
0  
0  
0  
0  
0  
0  
0  
0  
0  
0  
0  
0  
0  
0  
0  
0  
1  mm 737 256
1  mm 734 320
1  mm 731 469
1  mm 726 646
1  mm 724 705
1  mm 724 719
1  mm 722 719
1  mm 721 719
0  
1  mm 722 719
0  
0  
0  
1  mm 723 719
0  
0  
0  
0  
0  
0  
0  
0  
0  
1  mm 719 719
1  mm 714 719
1  mm 713 719
1  mm 710 719
1  mm 709 719
0  
0  
0  
0  
0  
0  
0  
0  
0  
0  
1  mm 708 719
0  
0  
0  
0  
0  
0  
0  
0  
0  
0  
0  
1 T 1524979362.271000 
0  
0  
0  
0  
0  
0  
0  
0  
0  
0  
0  
0  
0  
0  
0  
0  
0  
0  
0  
0  
0  
0  
0  
0  
0  
0  
0  
0  
0  
0  
0  
0  
0  
0  
0  
0  
0  
0  
0  
0  
0  
0  
0  
0  
0  
0  
0  
0  
0  
0  
0  
0  
0  
0  
0  
0  
0  
0  
0  
0  
0  
0  
0  
0  
0  
0  
0  
0  
0  
0  
0  
0  
0  
0  
0  
0  
0  
0  
0  
0  
0  
0  
0  
0  
0  
0  
0  
0  
0  
0  
0  
0  
0  
0  
0  
0  
0  
0  
0  
1 T 1524979363.942000 
0  
0  
0  
0  
0  
0  
0  
0  
0  
0  
0  
0  
0  
0  
0  
0  
0  
0  
0  
0  
0  
0  
0  
0  
0  
0  
0  
0  
0  
0  
0  
0  
0  
0  
0  
0  
0  
0  
0  
0  
0  
0  
0  
0  
0  
0  
0  
0  
0  
0  
0  
0  
0  
0  
0  
0  
0  
0  
0  
0  
0  
0  
0  
0  
0  
0  
0  
0  
0  
0  
0  
0  
0  
0  
0  
0  
0  
0  
0  
0  
0  
0  
0  
0  
0  
0  
0  
0  
0  
0  
0  
0  
0  
0  
0  
0  
0  
0  
0  
1 T 1524979365.633000 
0  
0  
0  
0  
0  
0  
0  
0  
0  
0  
0  
0  
0  
0  
0  
0  
0  
0  
0  
0  
0  
0  
0  
0  
0  
0  
0  
0  
0  
0  
0  
0  
0  
0  
0  
0  
0  
0  
0  
0  
0  
0  
0  
0  
0  
0  
0  
0  
0  
0  
0  
0  
0  
0  
0  
0  
0  
0  
0  
0  
0  
0  
0  
0  
0  
0  
0  
0  
0  
0  
0  
0  
0  
0  
0  
0  
0  
0  
0  
0  
0  
0  
0  
0  
0  
0  
0  
0  
0  
0  
0  
0  
0  
0  
0  
0  
0  
0  
0  
1 T 1524979367.303000 
0  
0  
0  
0  
0  
0  
0  
0  
0  
0  
0  
0  
0  
0  
0  
0  
0  
0  
0  
0  
0  
0  
0  
0  
0  
0  
0  
0  
0  
0  
0  
0  
0  
0  
0  
0  
0  
0  
0  
0  
0  
0  
0  
0  
0  
0  
0  
0  
0  
0  
0  
0  
0  
0  
0  
0  
0  
0  
0  
0  
0  
0  
0  
0  
0  
0  
0  
0  
0  
0  
0  
0  
0  
0  
0  
0  
0  
0  
0  
0  
0  
0  
0  
0  
0  
0  
0  
0  
0  
0  
0  
0  
0  
0  
0  
0  
0  
0  
0  
1 T 1524979368.972000 
0  
0  
0  
0  
0  
0  
0  
0  
0  
0  
0  
0  
0  
0  
0  
0  
0  
0  
0  
0  
0  
0  
0  
0  
0  
0  
0  
0  
0  
0  
0  
0  
0  
0  
0  
0  
0  
0  
0  
0  
0  
0  
0  
0  
0  
0  
0  
0  
0  
0  
0  
0  
0  
0  
0  
0  
0  
0  
0  
0  
0  
0  
0  
0  
0  
0  
0  
0  
0  
0  
0  
0  
0  
0  
0  
0  
0  
0  
0  
0  
0  
0  
0  
0  
0  
0  
0  
0  
0  
0  
0  
0  
0  
0  
0  
0  
1  mm 706 20
0  
0  
1 T 1524979370.661000 
0  
0  
0  
0  
0  
0  
0  
0  
0  
0  
0  
0  
1  mm 706 21
1  mm 709 28
1  mm 713 40
1  mm 715 45
1  mm 716 49
1  mm 715 53
1  mm 716 59
1  mm 715 64
1  mm 715 67
1  mm 715 69
1  mm 714 75
1  mm 713 82
1  mm 712 86
1  mm 710 90
1  mm 709 94
1  mm 707 97
1  mm 706 100
1  mm 706 102
1  mm 705 104
1  mm 704 105
1  mm 703 106
1  mm 703 107
1  mm 703 108
1  mm 702 108
0  
0  
1  mm 702 109
1  mm 701 111
1  mm 701 113
1  mm 700 115
1  mm 700 117
1  mm 699 119
1  mm 697 124
1  mm 693 135
1  mm 690 147
1  mm 686 162
1  mm 683 176
1  mm 678 190
1  mm 674 202
1  mm 672 209
1  mm 671 218
1  mm 670 220
1  mm 670 222
1  mm 669 224
1  mm 669 225
1  mm 668 227
1  mm 668 228
1  mm 668 229
1  mm 667 230
1  mm 667 231
1  mm 666 234
1  mm 665 235
1  mm 664 240
1  mm 661 244
1  mm 659 247
1  mm 658 249
0  
0  
0  
1  mm 658 250
1  mm 654 258
1  mm 650 272
1  mm 643 298
1  mm 638 320
1  mm 634 338
1  mm 632 354
1  mm 628 366
1  mm 627 374
1  mm 626 375
0  
0  
0  
0  
0  
0  
0  
1  mb 1 1 626 375
0  
0  
0  
0  
0  
0  
0  
1  mb 1 0 626 375
0  
0  
1 T 1524979372.331000 
0  
0  
0  
0  
0  
1  mm 626 374
1  mm 625 372
1  mm 625 371
0  
0  
0  
0  
0  
0  
0  
0  
0  
0  
0  
0  
0  
0  
1  mm 626 368
1  mm 629 363
1  mm 636 350
1  mm 646 328
1  mm 657 303
1  mm 666 283
1  mm 671 273
1  mm 672 269
1  mm 674 266
1  mm 675 264
1  mm 675 262
1  mm 677 258
1  mm 678 252
1  mm 679 248
1  mm 679 246
1  mm 679 245
1  mm 678 245
1  mm 678 244
1  mm 678 242
1  mm 678 240
1  mm 679 239
1  mm 679 237
1  mm 679 236
1  mm 679 235
0  
0  
0  
0  
1  mb 1 1 679 235
0  
0  
0  
0  
0  
0  
0  
0  
0  
1  mb 1 0 679 235
0  
0  
0  
0  
0  
0  
0  
0  
0  
0  
0  
0  
0  
0  
0  
0  
0  
0  
0  
0  
1  mm 679 236
1  mm 680 237
1  mm 680 238
1  mm 680 240
1  mm 681 241
1  mm 682 243
1  mm 683 246
1  mm 683 258
1  mm 684 269
1  mm 684 282
1  mm 684 294
1  mm 684 299
1  mm 684 302
1  mm 683 310
1  mm 683 324
1  mm 682 339
1  mm 682 356
1  mm 681 370
2 T 1524979374.003000 mm 679 382
1  mm 678 395
1  mm 675 411
1  mm 674 428
1  mm 667 456
1  mm 664 479
1  mm 663 499
1  mm 661 513
1  mm 660 521
1  mm 660 530
1  mm 658 541
1  mm 656 550
1  mm 652 563
1  mm 651 572
1  mm 649 578
1  mm 648 583
1  mm 647 586
1  mm 645 593
1  mm 645 606
1  mm 640 620
1  mm 637 633
1  mm 634 646
1  mm 633 655
1  mm 631 663
1  mm 629 672
1  mm 626 681
1  mm 624 691
1  mm 624 693
1  mm 622 696
1  mm 622 697
1  mm 622 699
1  mm 621 703
1  mm 618 713
1  mm 615 719
1  mm 611 719
1  mm 609 719
1  mm 607 719
0  
0  
0  
0  
0  
0  
0  
0  
1  mm 606 719
0  
1  mm 605 719
1  mm 606 719
1  mm 607 719
1  mm 610 719
0  
1  mm 611 719
0  
0  
0  
0  
0  
0  
0  
0  
0  
0  
0  
0  
0  
0  
0  
0  
0  
0  
0  
0  
0  
0  
0  
0  
0  
0  
0  
0  
0  
0  
0  
0  
0  
0  
0  
0  
0  
0  
0  
0  
0  
0  
0  
0  
0  
0  
0  
1 T 1524979375.691000 
0  
0  
0  
0  
0  
0  
0  
0  
0  
0  
0  
0  
0  
0  
0  
0  
0  
0  
0  
0  
0  
0  
0  
0  
0  
0  
0  
0  
0  
0  
0  
0  
0  
0  
0  
0  
0  
0  
0  
0  
0  
0  
0  
0  
0  
0  
0  
0  
0  
0  
0  
0  
0  
0  
0  
0  
0  
0  
0  
0  
0  
0  
0  
0  
0  
0  
0  
0  
0  
0  
0  
0  
0  
0  
0  
0  
0  
0  
0  
0  
0  
0  
0  
0  
0  
0  
0  
0  
0  
0  
0  
0  
0  
0  
0  
0  
0  
0  
0  
1 T 1524979377.362000 
0  
0  
0  
0  
0  
0  
0  
0  
0  
0  
0  
0  
0  
0  
0  
0  
0  
0  
0  
0  
0  
0  
0  
0  
0  
0  
0  
0  
0  
0  
0  
0  
0  
0  
0  
0  
0  
0  
0  
0  
0  
0  
0  
0  
0  
0  
0  
0  
0  
0  
0  
0  
0  
0  
0  
0  
0  
0  
0  
0  
0  
0  
0  
0  
0  
0  
0  
0  
0  
0  
0  
0  
0  
0  
0  
0  
0  
0  
0  
0  
0  
0  
0  
0  
0  
0  
0  
0  
0  
0  
0  
0  
0  
0  
0  
0  
0  
0  
0  
1 T 1524979379.033000 
0  
0  
0  
0  
0  
0  
0  
0  
0  
0  
0  
0  
0  
0  
0  
0  
0  
0  
0  
0  
0  
0  
0  
1  mm 829 16
0  
0  
0  
0  
0  
0  
0  
0  
0  
0  
0  
1  mm 827 21
1  mm 821 31
1  mm 815 40
1  mm 805 53
1  mm 787 72
1  mm 778 91
1  mm 769 107
1  mm 762 121
1  mm 753 140
1  mm 745 152
1  mm 739 163
1  mm 735 169
0  
0  
1  mm 734 171
1  mm 734 172
1  mm 734 177
1  mm 734 179
1  mm 734 180
0  
0  
0  
0  
0  
0  
0  
0  
0  
1  sd 119 734 180
0  
0  
0  
0  
0  
0  
0  
1  kd 97 734 180
0  
0  
0  
0  
0  
0  
2  su 119 734 180 ku 97 734 180
0  
0  
0  
0  
0  
0  
0  
0  
0  
0  
0  
0  
0  
0  
0  
0  
0  
0  
0  
0  
1 T 1524979380.740000 
0  
0  
0  
0  
0  
0  
0  
0  
0  
0  
0  
0  
0  
1  mm 730 186
1  mm 707 212
1  mm 684 239
1  mm 663 261
1  mm 652 272
1  mm 643 279
1  mm 639 282
1  mm 638 282
1  mm 636 282
1  mm 635 282
1  mm 635 281
1  mm 634 279
1  mm 634 276
1  mm 634 272
1  mm 634 266
1  mm 634 258
1  mm 633 250
1  mm 632 245
1  mm 630 240
1  mm 627 234
1  mm 625 231
1  mm 623 228
1  mm 622 227
0  
0  
1  mb 1 1 622 227
0  
0  
0  
0  
1  mb 1 0 622 227
0  
0  
0  
0  
0  
0  
0  
0  
0  
0  
0  
0  
0  
0  
0  
0  
0  
0  
0  
0  
1  mm 623 227
1  mm 630 227
1  mm 638 227
1  mm 648 228
1  mm 658 230
1  mm 664 230
1  mm 671 232
1  mm 674 233
1  mm 680 235
1  mm 690 237
0  
0  
0  
0  
0  
0  
0  
0  
0  
0  
0  
0  
0  
0  
0  
0  
0  
0  
0  
0  
0  
0  
1  sd 102 690 237
0  
0  
1 T 1524979382.409000 
0  
0  
0  
0  
0  
0  
0  
0  
0  
0  
0  
1  su 102 690 237
0  
0  
0  
0  
0  
0  
0  
0  
0  
0  
0  
0  
0  
0  
0  
0  
0  
0  
0  
0  
0  
0  
1  kd 127 690 237
0  
0  
0  
0  
0  
0  
0  
0  
0  
0  
0  
0  
0  
0  
0  
0  
0  
0  
0  
0  
0  
0  
0  
0  
0  
0  
0  
0  
0  
0  
0  
0  
0  
0  
0  
0  
0  
0  
0  
0  
0  
0  
0  
0  
0  
0  
0  
0  
0  
0  
0  
0  
0  
0  
0  
0  
0  
0  
0  
0  
0  
0  
0  
0  
1 T 1524979384.082000 
0  
0  
0  
0  
0  
0  
0  
0  
1  ku 8 690 237
0  
0  
0  
0  
0  
0  
0  
0  
0  
0  
0  
1  kd 99 690 237
0  
0  
0  
0  
0  
2  ku 99 690 237 kd 111 690 237
0  
0  
0  
0  
1  ku 111 690 237
0  
0  
0  
0  
0  
1  kd 110 690 237
0  
0  
0  
0  
1  ku 110 690 237
0  
0  
0  
0  
1  kd 105 690 237
0  
0  
0  
2  kd 99 690 237 ku 105 690 237
0  
0  
0  
0  
0  
0  
2  kd 117 690 237 ku 99 690 237
0  
0  
0  
1  ku 117 690 237
0  
0  
0  
0  
0  
0  
1  kd 108 690 237
0  
0  
0  
1  ku 108 690 237
0  
0  
0  
1  kd 108 690 237
0  
0  
0  
1  kd 115 690 237
0  
1  ku 108 690 237
0  
0  
1  ku 115 690 237
0  
0  
0  
0  
0  
0  
0  
0  
0  
0  
0  
0  
1 T 1524979385.751000 
1  kd 49 690 237
0  
0  
0  
0  
0  
0  
0  
0  
0  
0  
0  
1  kd 52 690 237
0  
1  ku 49 690 237
0  
0  
0  
1  ku 52 690 237
0  
0  
0  
0  
0  
0  
0  
0  
0  
0  
0  
0  
0  
0  
0  
0  
0  
0  
0  
0  
0  
0  
0  
0  
0  
0  
0  
0  
0  
0  
0  
0  
0  
0  
0  
0  
0  
0  
0  
1  kd 127 690 237
0  
0  
0  
1  ku 8 690 237
0  
0  
1  kd 51 690 237
0  
0  
0  
0  
0  
1  ku 51 690 237
0  
0  
0  
0  
0  
0  
0  
0  
0  
0  
0  
0  
0  
0  
1  mm 679 232
1  mm 649 219
1  mm 622 210
1  mm 618 207
0  
1  mm 619 207
1  mm 618 207
1  mm 619 207
1  mm 624 207
1  mm 634 210
1  mm 643 216
1  mm 685 244
1  mm 725 284
2 T 1524979387.424000 mm 748 326
1  mm 758 355
1  mm 767 381
1  mm 777 400
1  mm 796 433
1  mm 823 447
1  mm 855 449
1  mm 883 444
1  mm 899 434
1  mm 903 432
1  mm 904 432
1  mm 907 436
1  mm 916 464
1  mm 920 475
1  mm 922 484
1  mm 924 490
1  mm 928 501
1  mm 933 515
1  mm 940 550
1  mm 942 573
1  mm 941 593
1  mm 942 615
1  mm 945 620
1  mm 945 621
0  
0  
0  
0  
1  mm 946 622
0  
0  
0  
0  
1  mm 947 627
1  mm 950 632
1  mm 955 638
1  mm 957 642
1  mm 958 643
1  mm 959 643
0  
0  
0  
0  
0  
1  mb 1 1 959 643
0  
0  
0  
0  
0  
0  
0  
2 T 1524979388.296000 mb 1 0 959 643
0  
1 T 1524979388.326000 
1 T 1524979388.341000 
1 T 1524979388.358000 
1 T 1524979388.374000 
1 T 1524979388.392000 
1 T 1524979388.408000 
1 T 1524979388.424000 
1 T 1524979388.442000 
1 T 1524979388.458000 
1 T 1524979388.475000 
1 T 1524979388.492000 
1 T 1524979388.508000 
1 T 1524979388.525000 
1 T 1524979388.541000 
1 T 1524979388.559000 
1 T 1524979388.576000 
1 T 1524979388.592000 
1 T 1524979388.609000 
1 T 1524979388.625000 
1 T 1524979388.642000 
1 T 1524979388.659000 
2 T 1524979388.676000 mm 958 643
2 T 1524979388.693000 mm 957 642
2 T 1524979388.709000 mm 956 642
2 T 1524979388.726000 mm 954 641
2 T 1524979388.742000 mm 953 640
2 T 1524979388.760000 mm 950 639
2 T 1524979388.777000 mm 948 637
2 T 1524979388.792000 mm 943 634
2 T 1524979388.809000 mm 936 629
2 T 1524979388.828000 mm 929 623
2 T 1524979388.845000 mm 919 614
2 T 1524979388.861000 mm 913 609
2 T 1524979388.876000 mm 907 604
2 T 1524979388.893000 mm 901 601
2 T 1524979388.910000 mm 894 596
2 T 1524979388.926000 mm 889 592
2 T 1524979388.944000 mm 882 589
2 T 1524979388.960000 mm 880 587
2 T 1524979388.977000 mm 878 587
2 T 1524979388.993000 mm 877 586
1 T 1524979389.010000 
1 T 1524979389.027000 
2 T 1524979389.044000 mm 877 585
1 T 1524979389.061000 
2 T 1524979389.076000 mm 876 584
2 T 1524979389.094000 mm 875 584
1 T 1524979389.110000 
2 T 1524979389.127000 mm 875 583
1 T 1524979389.143000 
1 T 1524979389.160000 
1 T 1524979389.177000 
1 T 1524979389.194000 
1 T 1524979389.210000 
1 T 1524979389.227000 
1 T 1524979389.244000 
1 T 1524979389.260000 
1 T 1524979389.277000 
1 T 1524979389.294000 
7 T 1524979389.311000 xs 1 2 15 534E0A302F3230300A320A38380A23 xs 1 2 0 T 1524979389.312000 xs 1 0 7 T 1524979389.314000 xs 1 0 169 
2 T 1524979389.327000 xs 1 2 0 
2 T 1524979389.344000 xs 1 2 0 
2 T 1524979389.361000 xs 1 2 0 
2 T 1524979389.378000 xs 1 2 0 
3 T 1524979389.394000 xs 1 2 0 T 1524979389.395000 
2 T 1524979389.411000 xs 1 2 0 
2 T 1524979389.428000 xs 1 2 0 
2 T 1524979389.444000 xs 1 2 0 
2 T 1524979389.461000 xs 1 2 0 
2 T 1524979389.480000 xs 1 2 0 
2 T 1524979389.497000 xs 1 2 0 
3 T 1524979389.514000 xs 1 2 0 T 1524979389.515000 
3 T 1524979389.530000 xs 1 2 0 T 1524979389.531000 
2 T 1524979389.546000 xs 1 2 0 
2 T 1524979389.563000 xs 1 2 0 
2 T 1524979389.579000 xs 1 2 0 
2 T 1524979389.595000 xs 1 2 0 
4 T 1524979389.612000 xs 1 2 10 41434345505445440A23 xs 1 2 0 mm 874 582
3 T 1524979389.629000 xs 1 2 0 mm 873 581
2 T 1524979389.644000 xs 1 2 0 
3 T 1524979389.662000 xs 1 2 0 mm 873 580
2 T 1524979389.678000 xs 1 2 0 
2 T 1524979389.695000 xs 1 2 0 
2 T 1524979389.712000 xs 1 2 0 
3 T 1524979389.728000 xs 1 2 0 T 1524979389.729000 
2 T 1524979389.745000 xs 1 2 0 
2 T 1524979389.762000 xs 1 2 0 
2 T 1524979389.779000 xs 1 2 0 
3 T 1524979389.795000 xs 1 3 -1 T 1524979389.796000 
1 T 1524979389.812000 
1 T 1524979389.830000 
1 T 1524979389.847000 
1 T 1524979389.864000 
1 T 1524979389.880000 
1 T 1524979389.897000 
1 T 1524979389.914000 
1 T 1524979389.931000 
1 T 1524979389.947000 
1 T 1524979389.964000 
1 T 1524979389.980000 
1 T 1524979389.998000 
1 T 1524979390.014000 
1 T 1524979390.031000 
1 T 1524979390.048000 
1 T 1524979390.064000 
1 T 1524979390.081000 
1 T 1524979390.097000 
1 T 1524979390.114000 
1 T 1524979390.130000 
1 T 1524979390.147000 
1 T 1524979390.163000 
1 T 1524979390.181000 
1 T 1524979390.198000 
1 T 1524979390.214000 
1 T 1524979390.231000 
1 T 1524979390.247000 
1 T 1524979390.264000 
1 T 1524979390.281000 
1 T 1524979390.298000 
1 T 1524979390.315000 
1 T 1524979390.331000 
1 T 1524979390.347000 
1 T 1524979390.364000 
1 T 1524979390.381000 
1 T 1524979390.398000 
1 T 1524979390.414000 
1 T 1524979390.431000 
1 T 1524979390.447000 
1 T 1524979390.464000 
1 T 1524979390.481000 
1 T 1524979390.498000 
1 T 1524979390.515000 
1 T 1524979390.531000 
2 T 1524979390.548000 mm 871 578
2 T 1524979390.565000 mm 870 576
2 T 1524979390.581000 mm 864 566
2 T 1524979390.599000 mm 851 546
2 T 1524979390.615000 mm 835 518
2 T 1524979390.632000 mm 815 482
2 T 1524979390.649000 mm 781 427
2 T 1524979390.665000 mm 756 377
2 T 1524979390.681000 mm 732 330
2 T 1524979390.698000 mm 713 295
2 T 1524979390.714000 mm 701 271
2 T 1524979390.732000 mm 692 256
2 T 1524979390.749000 mm 690 251
2 T 1524979390.765000 mm 689 248
2 T 1524979390.781000 mm 688 244
2 T 1524979390.799000 mm 687 244
1 T 1524979390.815000 
1 T 1524979390.832000 
1 T 1524979390.849000 
2 T 1524979390.865000 mm 687 243
1 T 1524979390.883000 
1 T 1524979390.899000 
0  
0  
0  
0  
0  
0  
0  
1  mm 686 242
1  mm 685 240
1  mm 683 238
1  mm 682 237
0  
0  
0  
0  
0  
1  mb 1 1 682 237
0  
0  
0  
0  
0  
0  
0  
0  
1  mb 1 0 682 237
0  
0  
0  
0  
0  
0  
0  
0  
0  
0  
0  
0  
0  
0  
0  
0  
0  
0  
0  
0  
0  
0  
0  
0  
0  
0  
0  
0  
0  
0  
0  
0  
0  
0  
0  
0  
0  
0  
0  
0  
0  
0  
0  
0  
1  kd 127 682 237
0  
0  
0  
0  
0  
0  
0  
0  
0  
0  
0  
0  
0  
0  
0  
0  
0  
0  
0  
0  
1 T 1524979392.435000 
0  
0  
0  
0  
0  
0  
0  
0  
0  
0  
0  
0  
0  
0  
0  
0  
0  
0  
0  
0  
0  
0  
0  
0  
0  
0  
0  
0  
0  
1  ku 8 682 237
0  
0  
0  
0  
0  
0  
0  
0  
0  
0  
1  kd 127 682 237
0  
0  
0  
1  ku 8 682 237
0  
0  
0  
0  
1  kd 127 682 237
0  
0  
0  
0  
1  ku 8 682 237
0  
0  
0  
0  
1  kd 127 682 237
0  
0  
0  
0  
1  ku 8 682 237
0  
0  
0  
1  kd 114 682 237
0  
0  
0  
0  
0  
0  
0  
1  ku 114 682 237
0  
0  
0  
1  kd 110 682 237
0  
0  
0  
0  
1  ku 110 682 237
1  kd 97 682 237
0  
0  
0  
0  
0  
1  kd 100 682 237
0  
0  
1  ku 97 682 237
0  
0  
0  
2 T 1524979394.391000 ku 100 682 237
0  
0  
0  
0  
0  
0  
0  
0  
0  
0  
0  
0  
0  
0  
0  
0  
0  
0  
0  
0  
0  
0  
0  
0  
0  
0  
0  
0  
0  
0  
0  
0  
0  
0  
0  
0  
0  
0  
0  
0  
0  
0  
0  
0  
0  
0  
0  
0  
0  
0  
0  
0  
0  
0  
0  
0  
0  
0  
0  
0  
0  
0  
0  
0  
0  
0  
1  kd 109 682 237
0  
0  
0  
1  ku 109 682 237
0  
0  
0  
0  
0  
0  
0  
1  kd 111 682 237
0  
0  
0  
1  ku 111 682 237
0  
0  
0  
0  
0  
0  
0  
0  
1  kd 110 682 237
0  
0  
0  
1  ku 110 682 237
0  
0  
0  
1 T 1524979396.062000 
0  
0  
0  
0  
0  
0  
0  
0  
0  
0  
0  
0  
0  
0  
0  
0  
0  
0  
0  
0  
0  
0  
0  
0  
0  
0  
0  
0  
1  sd 102 682 237
0  
0  
0  
0  
0  
0  
0  
0  
1  su 102 682 237
0  
0  
0  
1  sd 102 682 237
0  
0  
0  
0  
1  su 102 682 237
0  
0  
0  
0  
0  
0  
0  
0  
0  
0  
0  
0  
0  
1  sd 102 682 237
0  
0  
0  
0  
0  
1  su 102 682 237
0  
0  
0  
0  
0  
1  sd 102 682 237
0  
0  
0  
0  
1  su 102 682 237
0  
0  
0  
0  
0  
0  
0  
0  
0  
0  
0  
0  
0  
0  
0  
0  
0  
0  
0  
0  
0  
1 T 1524979397.735000 
0  
1  kd 127 682 237
0  
0  
0  
0  
11  ku 8 682 237 kd 97 682 237 kd 115 682 237 ku 97 682 237 kd 100 682 237 ku 115 682 237 ku 100 682 237 sd 119 682 237 kd 113 682 237 ku 113 682 237 su 119 682 237
0  
1  mm 545 132
1  mm 540 133
1  mm 535 133
1  mm 530 132
1  mm 528 131
1  mm 527 131
0  
0  
0  
0  
0  
0  
0  
0  
0  
0  
0  
0  
0  
0  
0  
0  
0  
0  
0  
0  
0  
1  mm 526 131
1  mm 520 131
1  mm 505 131
1  mm 484 131
1  mm 468 131
1  mm 453 135
1  mm 421 146
1  mm 391 154
1  mm 375 160
1  mm 352 166
1  mm 341 168
1  mm 332 172
1  mm 328 174
0  
0  
0  
1  mb 1 1 328 174
0  
0  
0  
0  
0  
0  
0  
0  
1  mb 1 0 328 174
0  
0  
0  
0  
0  
0  
0  
0  
0  
0  
0  
0  
0  
0  
0  
0  
0  
1  sd 119 328 174
0  
0  
0  
0  
0  
0  
1  kd 27 328 174
0  
0  
0  
0  
0  
0  
0  
0  
1  ku 113 328 174
1  su 119 328 174
0  
0  
0  
1 T 1524979401.011000 
0  
0  
0  
0  
0  
0  
0  
1  mm 330 176
1  mm 343 185
1  mm 377 203
1  mm 405 219
1  mm 434 228
1  mm 463 235
1  mm 495 240
1  mm 518 247
1  mm 529 249
1  mm 530 249
0  
0  
0  
0  
0  
0  
0  
0  
0  
0  
0  
0  
0  
0  
0  
0  
0  
0  
1  sd 113 530 249
0  
0  
0  
0  
0  
0  
0  
0  
0  
0  
0  
0  
0  
0  
0  
0  
0  
0  
0  
0  
0  
0  
0  
0  
0  
0  
1  kd 37 530 249
