1524976667 seed, 60 fps, 1440x901, fullScreen=1, version88_mouseSpeed1.000000_musicOff0_musicLoudness1.000000_webRetrySeconds16 F84B50252D297F134A0E0775BDAEB8BCDEFB48BB
2 T 1524976668.381000 mm 742 466
0  
1  mm 742 454
0  
0  
0  
0  
0  
0  
0  
0  
0  
0  
0  
0  
1  mm 742 453
1  mm 742 452
1  mm 743 449
1  mm 743 448
0  
0  
0  
0  
0  
0  
1  mm 743 447
1  mm 743 445
1  mm 743 442
1  mm 744 439
1  mm 745 438
0  
0  
1  mm 745 437
1  mm 746 434
0  
0  
0  
1  mm 746 433
0  
0  
0  
0  
0  
0  
0  
0  
0  
0  
0  
0  
0  
0  
0  
0  
0  
0  
0  
0  
0  
0  
0  
0  
0  
1  mm 746 434
1  mm 746 435
1  mm 836 625
0  
0  
0  
0  
0  
0  
0  
0  
0  
0  
0  
0  
0  
0  
0  
0  
0  
0  
0  
0  
0  
0  
0  
0  
0  
0  
0  
0  
0  
0  
0  
0  
0  
1 T 1524976681.215000 
0  
0  
0  
0  
0  
0  
0  
0  
0  
0  
0  
0  
1  mm 838 624
0  
0  
0  
0  
0  
0  
2 T 1524976697.911000 T 1524976697.916000 
1 T 1524976697.927000 
1 T 1524976697.941000 
1 T 1524976697.958000 
1 T 1524976697.975000 
1 T 1524976697.989000 
1 T 1524976698.006000 
1 T 1524976698.022000 
1 T 1524976698.038000 
1 T 1524976698.054000 
1 T 1524976698.070000 
1 T 1524976698.086000 
1 T 1524976698.102000 
1 T 1524976698.118000 
1 T 1524976698.134000 
1 T 1524976698.149000 
1 T 1524976698.166000 
1 T 1524976698.183000 
1 T 1524976698.200000 
1 T 1524976698.216000 
1 T 1524976698.233000 
1 T 1524976698.249000 
1 T 1524976698.266000 
1 T 1524976698.283000 
1 T 1524976698.300000 
1 T 1524976698.317000 
1 T 1524976698.378000 
1 T 1524976698.396000 
1 T 1524976698.410000 
1 T 1524976698.427000 
1 T 1524976698.443000 
1 T 1524976698.460000 
1 T 1524976698.475000 
1 T 1524976698.492000 
1 T 1524976698.508000 
2 T 1524976698.524000 mm 837 624
2 T 1524976698.539000 mm 830 624
2 T 1524976698.555000 mm 824 622
1 T 1524976698.571000 
2 T 1524976698.587000 mm 824 621
2 T 1524976698.603000 mm 822 615
2 T 1524976698.619000 mm 821 604
2 T 1524976698.635000 mm 819 600
2 T 1524976698.655000 mm 819 599
2 T 1524976698.671000 mm 819 597
2 T 1524976698.687000 mm 818 592
2 T 1524976698.703000 mm 818 589
2 T 1524976698.719000 mm 818 588
2 T 1524976698.734000 mm 818 587
2 T 1524976698.752000 mm 818 586
1 T 1524976698.769000 
1 T 1524976698.784000 
1 T 1524976698.801000 
1 T 1524976698.817000 
2 T 1524976698.835000 mm 818 585
2 T 1524976698.852000 mm 818 586
2 T 1524976698.868000 mm 818 585
1 T 1524976698.885000 
1 T 1524976698.901000 
1 T 1524976698.918000 
1 T 1524976698.935000 
1 T 1524976698.952000 
1 T 1524976698.967000 
1 T 1524976698.985000 
1 T 1524976699.004000 
1 T 1524976699.041000 
0  
0  
0  
0  
0  
0  
0  
0  
0  
0  
0  
0  
0  
0  
1 T 1524976699.297000 
0  
0  
0  
0  
0  
0  
0  
0  
0  
0  
0  
0  
0  
0  
0  
0  
0  
7  kd 99 818 585 kd 111 818 585 ku 99 818 585 ku 111 818 585 kd 110 818 585 ku 110 818 585 kd 110 818 585
0  
1  ku 110 818 585
0  
0  
1  kd 111 818 585
0  
0  
0  
0  
1  ku 111 818 585
0  
0  
0  
0  
0  
0  
0  
0  
0  
0  
0  
0  
0  
0  
0  
0  
0  
0  
0  
0  
0  
0  
0  
0  
0  
0  
0  
0  
0  
0  
0  
0  
0  
0  
0  
1  kd 114 818 585
0  
0  
1  ku 114 818 585
0  
0  
0  
0  
0  
0  
0  
0  
0  
0  
0  
0  
0  
0  
0  
0  
0  
0  
0  
0  
0  
0  
0  
0  
0  
0  
0  
0  
0  
1  kd 104 818 585
0  
0  
1 T 1524976701.508000 
1  ku 104 818 585
0  
0  
0  
0  
0  
1  kd 115 818 585
0  
0  
0  
0  
2  kd 109 818 585 ku 115 818 585
0  
0  
0  
1  ku 109 818 585
0  
0  
0  
0  
0  
1  kd 105 818 585
0  
0  
0  
0  
1  ku 105 818 585
0  
1  kd 116 818 585
0  
0  
0  
0  
1  ku 116 818 585
0  
0  
0  
0  
1  kd 104 818 585
0  
0  
1  ku 104 818 585
1  sd 113 818 585
0  
0  
0  
0  
0  
0  
0  
0  
0  
1  kd 64 818 585
0  
0  
0  
0  
1  su 113 818 585
1  ku 50 818 585
0  
0  
0  
0  
0  
0  
0  
0  
0  
0  
0  
0  
0  
0  
0  
0  
0  
0  
0  
0  
0  
0  
0  
0  
0  
0  
0  
0  
0  
0  
0  
0  
0  
0  
0  
0  
0  
0  
0  
0  
1 T 1524976703.197000 
0  
0  
0  
0  
1  kd 103 818 585
0  
0  
0  
1  ku 103 818 585
0  
1  kd 109 818 585
0  
0  
0  
0  
1  ku 109 818 585
1  kd 97 818 585
0  
0  
0  
0  
0  
0  
2  kd 105 818 585 ku 97 818 585
0  
0  
0  
0  
1  ku 105 818 585
0  
0  
0  
0  
0  
0  
1  kd 108 818 585
0  
0  
0  
0  
1  ku 108 818 585
0  
0  
0  
0  
0  
0  
0  
0  
0  
0  
0  
1  kd 99 818 585
0  
0  
0  
0  
0  
1  ku 99 818 585
0  
0  
0  
0  
0  
0  
0  
0  
0  
0  
0  
0  
0  
0  
0  
0  
1  kd 127 818 585
0  
0  
0  
1  ku 8 818 585
0  
0  
0  
0  
0  
0  
0  
0  
0  
1  kd 46 818 585
0  
0  
0  
1  ku 46 818 585
0  
1  kd 99 818 585
0  
0  
0  
1 T 1524976704.867000 
1  ku 99 818 585
0  
0  
1  kd 111 818 585
2  ku 111 818 585 kd 109 818 585
0  
0  
1  ku 109 818 585
0  
0  
0  
0  
0  
0  
0  
0  
0  
0  
0  
1  kd 13 818 585
0  
0  
1  ku 13 818 585
0  
0  
0  
0  
0  
0  
0  
0  
0  
0  
0  
0  
0  
0  
0  
0  
0  
0  
0  
0  
0  
0  
0  
0  
0  
0  
0  
0  
0  
0  
0  
0  
0  
0  
0  
0  
0  
1  mm 819 581
0  
0  
0  
0  
0  
0  
0  
0  
0  
1  mm 823 578
1  mm 849 565
1  mm 883 548
1  mm 922 539
1  mm 947 532
1  mm 968 520
1  mm 998 504
1  mm 1026 491
1  mm 1041 486
1  mm 1049 485
1  mm 1060 483
1  mm 1081 473
1  mm 1100 457
1  mm 1114 450
1  mm 1117 449
1  mm 1118 449
1  mm 1120 450
0  
0  
0  
0  
0  
0  
0  
1  mm 1123 449
0  
1  mb 1 1 1123 449
0  
0  
1 T 1524976706.731000 
0  
0  
2 T 1524976706.784000 mb 1 0 1123 449
0  
1 T 1524976706.840000 
1 T 1524976706.856000 
1 T 1524976706.873000 
1 T 1524976706.890000 
1 T 1524976706.907000 
1 T 1524976706.923000 
1 T 1524976706.939000 
1 T 1524976706.956000 
1 T 1524976706.972000 
1 T 1524976706.990000 
1 T 1524976707.006000 
1 T 1524976707.023000 
1 T 1524976707.039000 
1 T 1524976707.056000 
1 T 1524976707.073000 
1 T 1524976707.089000 
1 T 1524976707.106000 
1 T 1524976707.123000 
1 T 1524976707.140000 
1 T 1524976707.157000 
2 T 1524976707.175000 mm 1123 450
2 T 1524976707.190000 mm 1122 452
2 T 1524976707.207000 mm 1122 453
2 T 1524976707.224000 mm 1118 458
2 T 1524976707.241000 mm 1116 460
2 T 1524976707.257000 mm 1115 462
2 T 1524976707.274000 mm 1114 464
1 T 1524976707.290000 
2 T 1524976707.307000 mm 1114 465
2 T 1524976707.325000 mm 1113 467
2 T 1524976707.341000 mm 1112 468
2 T 1524976707.357000 mm 1111 469
2 T 1524976707.374000 mm 1111 470
2 T 1524976707.390000 mm 1110 471
2 T 1524976707.407000 mm 1110 472
2 T 1524976707.424000 mm 1109 472
2 T 1524976707.442000 mm 1109 473
2 T 1524976707.458000 mm 1108 474
2 T 1524976707.475000 mm 1108 476
2 T 1524976707.492000 mm 1108 480
2 T 1524976707.508000 mm 1106 485
2 T 1524976707.524000 mm 1105 489
2 T 1524976707.542000 mm 1104 490
2 T 1524976707.558000 mm 1104 491
2 T 1524976707.574000 mm 1104 492
2 T 1524976707.592000 mm 1104 493
2 T 1524976707.608000 mm 1103 493
2 T 1524976707.625000 mm 1103 494
2 T 1524976707.641000 mm 1103 495
1 T 1524976707.658000 
1 T 1524976707.675000 
2 T 1524976707.691000 mm 1102 495
2 T 1524976707.709000 mm 1102 496
1 T 1524976707.725000 
1 T 1524976707.741000 
1 T 1524976707.758000 
1 T 1524976707.775000 
3 T 1524976707.792000 xs 0 3 -1 T 1524976707.796000 
1 T 1524976707.809000 
1 T 1524976707.825000 
1 T 1524976707.842000 
2 T 1524976707.858000 mm 1101 498
2 T 1524976707.875000 mm 1100 499
2 T 1524976707.893000 mm 1100 500
2 T 1524976707.910000 mm 1099 501
2 T 1524976707.926000 mm 1099 502
2 T 1524976707.942000 mm 1098 503
2 T 1524976707.960000 mm 1097 504
2 T 1524976707.976000 mm 1096 506
2 T 1524976707.993000 mm 1095 506
1 T 1524976708.009000 
1 T 1524976708.026000 
1 T 1524976708.043000 
1 T 1524976708.059000 
1 T 1524976708.076000 
1 T 1524976708.094000 
1 T 1524976708.110000 
1 T 1524976708.126000 
1 T 1524976708.143000 
1 T 1524976708.160000 
1 T 1524976708.176000 
1 T 1524976708.193000 
1 T 1524976708.209000 
1 T 1524976708.227000 
1 T 1524976708.244000 
2 T 1524976708.260000 mm 1094 507
2 T 1524976708.277000 mm 1093 508
2 T 1524976708.294000 mm 1092 509
1 T 1524976708.310000 
1 T 1524976708.326000 
2 T 1524976708.344000 mm 1092 510
2 T 1524976708.402000 mm 1091 512
1 T 1524976708.418000 
1 T 1524976708.433000 
1 T 1524976708.450000 
2 T 1524976708.466000 T 1524976708.467000 
1 T 1524976708.486000 
1 T 1524976708.503000 
1 T 1524976708.520000 
1 T 1524976708.535000 
1 T 1524976708.552000 
1 T 1524976708.567000 
2 T 1524976708.582000 mm 1090 513
2 T 1524976708.598000 mm 1089 518
2 T 1524976708.616000 mm 1087 525
2 T 1524976708.632000 mm 1086 531
2 T 1524976708.648000 mm 1084 534
2 T 1524976708.664000 mm 1084 537
2 T 1524976708.680000 mm 1085 539
2 T 1524976708.695000 mm 1087 542
2 T 1524976708.712000 mm 1087 550
2 T 1524976708.727000 mm 1090 562
2 T 1524976708.744000 mm 1094 577
2 T 1524976708.759000 mm 1096 591
2 T 1524976708.775000 mm 1098 600
2 T 1524976708.792000 mm 1098 606
2 T 1524976708.808000 mm 1098 609
2 T 1524976708.823000 mm 1098 612
2 T 1524976708.840000 mm 1098 615
2 T 1524976708.855000 mm 1097 618
2 T 1524976708.872000 mm 1096 620
2 T 1524976708.887000 mm 1094 622
2 T 1524976708.904000 mm 1093 624
1  mm 1092 625
1  mm 1092 626
1  mm 1091 627
1  mm 1090 628
1  mm 1089 631
1  mm 1087 633
1  mm 1085 634
1  mm 1082 637
1  mm 1079 638
1  mm 1076 640
1  mm 1072 642
1  mm 1065 644
1  mm 1054 647
1  mm 1041 647
1  mm 1023 649
1  mm 1007 651
1  mm 993 651
1  mm 990 651
0  
0  
0  
0  
0  
1  mm 991 651
1  mm 999 650
1  mm 1007 649
1  mm 1021 647
1  mm 1043 646
1  mm 1056 650
1  mm 1070 657
1  mm 1082 664
1  mm 1093 670
1  mm 1096 671
1  mm 1097 672
1  mm 1098 673
1  mm 1098 675
1  mm 1098 676
1  mm 1096 679
1  mm 1091 684
1  mm 1083 686
1  mm 1065 689
1  mm 1039 692
1  mm 1002 691
1  mm 973 686
1  mm 948 685
1  mm 929 684
1  mm 918 682
1  mm 908 680
1  mm 906 679
0  
0  
0  
0  
0  
1  mm 905 679
0  
1  mm 904 679
1  mm 903 679
1  mm 902 679
1  mm 901 678
1  mm 900 678
1  mm 898 678
1  mm 887 679
1  mm 846 685
1  mm 804 691
1  mm 748 696
1  mm 698 702
1  mm 587 717
1  mm 495 727
1  mm 414 733
1  mm 346 741
1  mm 315 749
2 T 1524976710.165000 mm 289 757
1  mm 273 764
1  mm 267 767
1  mm 263 769
1  mm 254 774
0  
0  
0  
0  
0  
1  mm 254 773
0  
1  mm 254 772
0  
0  
0  
0  
1  mb 1 1 254 772
0  
0  
0  
0  
0  
0  
1  mb 1 0 254 772
