1524979422 seed, 60 fps, 1280x720, fullScreen=0, version88_mouseSpeed1.000000_musicOff0_musicLoudness1.000000_webRetrySeconds16 F84B50252D297F134A0E0775BDAEB8BCDEFB48BB
2 T 1524979423.572000 mm 678 391
0  
0  
0  
0  
0  
0  
0  
0  
0  
0  
0  
0  
0  
0  
0  
0  
0  
0  
0  
0  
0  
0  
0  
0  
0  
0  
0  
0  
0  
0  
0  
0  
0  
0  
0  
0  
0  
0  
0  
0  
0  
0  
0  
0  
0  
0  
0  
0  
0  
0  
0  
0  
0  
0  
0  
0  
0  
0  
0  
0  
0  
0  
0  
0  
0  
0  
0  
0  
0  
0  
0  
0  
0  
0  
0  
0  
0  
0  
0  
0  
0  
0  
0  
0  
0  
0  
0  
0  
0  
0  
0  
0  
0  
0  
0  
0  
0  
0  
1 T 1524979434.467000 
0  
0  
0  
0  
0  
0  
0  
0  
0  
0  
0  
0  
1  mm 658 71
0  
0  
0  
0  
0  
0  
3 T 1524979450.837000 T 1524979450.839000 mm 658 72
2 T 1524979450.852000 mm 659 73
1 T 1524979450.868000 
1 T 1524979450.884000 
1 T 1524979450.900000 
2 T 1524979450.916000 mm 659 74
1 T 1524979450.932000 
1 T 1524979450.949000 
1 T 1524979450.964000 
1 T 1524979450.980000 
1 T 1524979450.996000 
1 T 1524979451.013000 
1 T 1524979451.030000 
2 T 1524979451.045000 mm 659 75
1 T 1524979451.062000 
1 T 1524979451.079000 
1 T 1524979451.096000 
1 T 1524979451.112000 
1 T 1524979451.128000 
1 T 1524979451.146000 
1 T 1524979451.162000 
1 T 1524979451.179000 
1 T 1524979451.196000 
1 T 1524979451.212000 
2 T 1524979451.230000 mm 659 83
2 T 1524979451.246000 mm 660 112
2 T 1524979451.263000 mm 668 162
2 T 1524979451.280000 mm 668 214
2 T 1524979451.295000 mm 657 245
2 T 1524979451.312000 mm 651 258
2 T 1524979451.330000 mm 646 264
2 T 1524979451.348000 mm 642 266
2 T 1524979451.363000 mm 636 270
2 T 1524979451.380000 mm 632 269
2 T 1524979451.396000 mm 621 259
2 T 1524979451.413000 mm 610 250
2 T 1524979451.430000 mm 603 243
2 T 1524979451.446000 mm 602 243
1 T 1524979451.463000 
1 T 1524979451.480000 
1 T 1524979451.496000 
1 T 1524979451.512000 
1 T 1524979451.530000 
1 T 1524979451.547000 
1 T 1524979451.563000 
1 T 1524979451.580000 
1 T 1524979451.597000 
2 T 1524979451.614000 mb 1 1 602 243
1 T 1524979451.630000 
1 T 1524979451.647000 
1 T 1524979451.663000 
1 T 1524979451.679000 
1 T 1524979451.697000 
1 T 1524979451.714000 
1 T 1524979451.730000 
1 T 1524979451.747000 
1 T 1524979451.765000 
1 T 1524979451.781000 
2 T 1524979451.798000 mb 1 0 602 243
1 T 1524979451.814000 
1 T 1524979451.830000 
1 T 1524979451.847000 
1 T 1524979451.864000 
1 T 1524979451.880000 
1 T 1524979451.897000 
1 T 1524979451.913000 
1 T 1524979451.931000 
1 T 1524979451.948000 
0  
0  
0  
0  
0  
0  
0  
0  
0  
0  
0  
0  
1 T 1524979452.165000 
0  
0  
0  
0  
0  
0  
0  
0  
0  
0  
0  
0  
0  
0  
0  
0  
0  
0  
0  
0  
0  
0  
0  
0  
0  
0  
0  
0  
0  
0  
0  
0  
1  kd 99 602 243
0  
0  
1  ku 99 602 243
1  kd 111 602 243
0  
0  
0  
0  
0  
1  ku 111 602 243
0  
0  
0  
0  
0  
1  kd 110 602 243
0  
0  
0  
0  
1  ku 110 602 243
0  
0  
0  
0  
1  kd 110 602 243
0  
0  
0  
1  ku 110 602 243
0  
0  
0  
0  
0  
0  
1  kd 111 602 243
0  
0  
0  
0  
1  ku 111 602 243
0  
0  
0  
1  kd 114 602 243
0  
0  
0  
0  
0  
2  ku 114 602 243 kd 104 602 243
0  
0  
0  
0  
1  ku 104 602 243
1  kd 115 602 243
0  
0  
0  
0  
0  
2  kd 109 602 243 ku 115 602 243
0  
0  
1 T 1524979453.919000 
0  
1  ku 109 602 243
0  
0  
0  
0  
1  kd 105 602 243
0  
0  
0  
0  
1  ku 105 602 243
1  kd 116 602 243
0  
0  
0  
0  
0  
2  ku 116 602 243 kd 104 602 243
0  
0  
0  
1  ku 104 602 243
0  
0  
0  
0  
1  sd 113 602 243
0  
0  
0  
0  
0  
0  
0  
1  kd 64 602 243
0  
0  
0  
2  ku 50 602 243 su 113 602 243
0  
0  
0  
0  
0  
0  
0  
0  
0  
0  
0  
1  kd 103 602 243
0  
0  
0  
0  
0  
0  
1  ku 103 602 243
1  kd 109 602 243
0  
0  
0  
0  
1  ku 109 602 243
0  
0  
0  
0  
1  kd 97 602 243
0  
0  
0  
0  
0  
0  
2  kd 105 602 243 ku 97 602 243
0  
0  
1  ku 105 602 243
0  
0  
0  
0  
0  
0  
0  
1  kd 108 602 243
0  
0  
1  ku 108 602 243
0  
0  
0  
0  
0  
0  
1  kd 46 602 243
0  
1 T 1524979455.590000 
1  ku 46 602 243
0  
0  
0  
0  
0  
0  
0  
0  
0  
0  
0  
0  
0  
0  
0  
0  
0  
0  
0  
0  
0  
0  
0  
0  
1  kd 99 602 243
0  
0  
0  
0  
0  
1  ku 99 602 243
0  
0  
0  
1  kd 111 602 243
0  
0  
0  
1  ku 111 602 243
0  
0  
0  
0  
0  
1  kd 109 602 243
0  
0  
0  
1  ku 109 602 243
0  
0  
0  
0  
0  
0  
0  
0  
0  
0  
0  
0  
0  
0  
0  
0  
0  
0  
0  
0  
0  
0  
0  
0  
0  
1  mm 639 267
1  mm 688 301
1  mm 722 327
1  mm 759 364
1  mm 797 410
1  mm 824 452
1  mm 849 497
1  mm 863 522
1  mm 870 534
1  mm 875 542
1  mm 878 546
1  mm 880 547
1  mm 884 549
1  mm 889 550
1  mm 894 551
1  mm 901 552
1  mm 909 553
1  mm 921 555
1  mm 926 556
1  mm 931 557
1  mm 933 558
1  mm 934 558
1  mm 935 559
0  
2 T 1524979457.261000 mm 935 560
1  mm 936 562
1  mm 940 567
1  mm 944 575
1  mm 950 587
1  mm 960 606
1  mm 964 613
1  mm 967 618
1  mm 968 621
1  mm 968 622
1  mm 969 623
0  
0  
0  
0  
1  mm 969 624
0  
1  mb 1 1 969 624
0  
0  
0  
0  
2 T 1524979457.632000 mb 1 0 969 624
0  
1 T 1524979457.663000 
1 T 1524979457.679000 
1 T 1524979457.696000 
1 T 1524979457.713000 
1 T 1524979457.729000 
1 T 1524979457.746000 
1 T 1524979457.763000 
1 T 1524979457.779000 
1 T 1524979457.796000 
1 T 1524979457.813000 
1 T 1524979457.830000 
1 T 1524979457.847000 
1 T 1524979457.863000 
1 T 1524979457.880000 
1 T 1524979457.896000 
1 T 1524979457.914000 
1 T 1524979457.930000 
1 T 1524979457.947000 
2 T 1524979457.964000 mm 968 624
2 T 1524979457.980000 mm 957 621
2 T 1524979457.996000 mm 939 614
2 T 1524979458.014000 mm 925 609
2 T 1524979458.030000 mm 910 601
2 T 1524979458.047000 mm 902 597
2 T 1524979458.064000 mm 891 590
2 T 1524979458.081000 mm 882 584
2 T 1524979458.097000 mm 873 576
2 T 1524979458.115000 mm 862 567
2 T 1524979458.131000 mm 849 556
2 T 1524979458.147000 mm 839 550
2 T 1524979458.164000 mm 834 545
2 T 1524979458.180000 mm 831 542
2 T 1524979458.198000 mm 829 540
2 T 1524979458.214000 mm 825 536
2 T 1524979458.232000 mm 821 531
2 T 1524979458.247000 mm 818 528
2 T 1524979458.264000 mm 815 526
2 T 1524979458.281000 mm 812 523
2 T 1524979458.297000 mm 811 522
2 T 1524979458.315000 mm 810 520
1 T 1524979458.332000 
2 T 1524979458.348000 mm 809 519
2 T 1524979458.365000 mm 808 519
2 T 1524979458.381000 mm 808 518
2 T 1524979458.398000 mm 808 517
1 T 1524979458.414000 
2 T 1524979458.431000 mm 807 516
1 T 1524979458.448000 
2 T 1524979458.465000 mm 807 515
1 T 1524979458.482000 
2 T 1524979458.499000 mm 806 514
2 T 1524979458.516000 mm 806 513
2 T 1524979458.532000 mm 806 512
2 T 1524979458.549000 mm 805 511
2 T 1524979458.565000 mm 805 510
2 T 1524979458.581000 mm 805 509
2 T 1524979458.599000 mm 805 508
2 T 1524979458.616000 mm 805 507
8 T 1524979458.632000 xs 0 2 15 534E0A302F3230300A330A38380A23 xs 0 2 0 T 1524979458.641000 xs 0 0 7 T 1524979458.642000 xs 0 0 169 mm 804 505
3 T 1524979458.649000 xs 0 2 0 mm 804 504
3 T 1524979458.666000 xs 0 2 0 mm 803 501
3 T 1524979458.682000 xs 0 2 0 mm 802 497
3 T 1524979458.699000 xs 0 2 0 mm 800 494
3 T 1524979458.716000 xs 0 2 0 mm 798 489
3 T 1524979458.732000 xs 0 2 0 mm 798 486
3 T 1524979458.749000 xs 0 2 0 mm 797 484
3 T 1524979458.765000 xs 0 2 0 mm 796 483
3 T 1524979458.782000 xs 0 2 0 mm 796 482
2 T 1524979458.799000 xs 0 2 0 
3 T 1524979458.816000 xs 0 2 0 mm 795 482
3 T 1524979458.833000 xs 0 2 0 mm 795 481
2 T 1524979458.849000 xs 0 2 0 
3 T 1524979458.866000 xs 0 2 0 mm 794 480
2 T 1524979458.882000 xs 0 2 0 
3 T 1524979458.900000 xs 0 2 0 mm 794 478
3 T 1524979458.917000 xs 0 2 0 mm 793 477
4 T 1524979458.933000 xs 0 2 10 41434345505445440A23 xs 0 2 0 mm 792 476
3 T 1524979458.949000 xs 0 2 0 mm 791 475
3 T 1524979458.966000 xs 0 2 0 mm 791 474
3 T 1524979458.983000 xs 0 2 0 mm 790 473
3 T 1524979458.999000 xs 0 2 0 mm 790 472
3 T 1524979459.017000 xs 0 2 0 mm 789 472
3 T 1524979459.033000 xs 0 2 0 mm 789 471
3 T 1524979459.050000 xs 0 2 0 mm 788 471
3 T 1524979459.067000 xs 0 2 0 mm 788 470
3 T 1524979459.084000 xs 0 3 -1 T 1524979459.086000 
2 T 1524979459.101000 mm 787 469
1 T 1524979459.117000 
2 T 1524979459.134000 mm 787 468
2 T 1524979459.150000 mm 786 468
1 T 1524979459.167000 
1 T 1524979459.184000 
2 T 1524979459.201000 mm 786 467
2 T 1524979459.217000 mm 785 467
1 T 1524979459.234000 
1 T 1524979459.250000 
2 T 1524979459.268000 mm 785 466
1 T 1524979459.284000 
1 T 1524979459.302000 
1 T 1524979459.318000 
2 T 1524979459.335000 mm 784 466
2 T 1524979459.352000 mm 784 465
1 T 1524979459.368000 
1 T 1524979459.386000 
1 T 1524979459.402000 
1 T 1524979459.418000 
1 T 1524979459.435000 
1 T 1524979459.452000 
1 T 1524979459.468000 
1 T 1524979459.485000 
2 T 1524979459.502000 mm 783 464
1 T 1524979459.519000 
1 T 1524979459.534000 
1 T 1524979459.552000 
1 T 1524979459.568000 
1 T 1524979459.586000 
1 T 1524979459.603000 
2 T 1524979459.620000 mm 783 463
1 T 1524979459.635000 
1 T 1524979459.653000 
2 T 1524979459.670000 mm 781 459
2 T 1524979459.686000 mm 776 449
2 T 1524979459.703000 mm 769 433
2 T 1524979459.718000 mm 757 409
2 T 1524979459.735000 mm 741 378
2 T 1524979459.752000 mm 727 345
2 T 1524979459.769000 mm 716 322
2 T 1524979459.785000 mm 704 295
2 T 1524979459.803000 mm 695 279
2 T 1524979459.819000 mm 691 273
2 T 1524979459.835000 mm 688 270
2 T 1524979459.854000 mm 686 269
2 T 1524979459.870000 mm 684 268
2 T 1524979459.886000 mm 683 268
2 T 1524979459.903000 mm 682 268
1 T 1524979459.921000 
2 T 1524979459.937000 mm 681 268
2 T 1524979459.954000 mm 680 268
2 T 1524979459.970000 mm 678 267
2 T 1524979459.986000 mm 676 264
2 T 1524979460.003000 mm 672 258
2 T 1524979460.020000 mm 667 251
2 T 1524979460.037000 mm 663 246
2 T 1524979460.055000 mm 658 240
2 T 1524979460.071000 mm 655 237
2 T 1524979460.088000 mm 653 235
2 T 1524979460.104000 mm 651 234
2 T 1524979460.121000 mm 650 234
2 T 1524979460.136000 mm 649 234
2 T 1524979460.154000 mm 648 234
2 T 1524979460.170000 mm 648 235
1 T 1524979460.188000 
0  
0  
1  mm 648 234
0  
0  
0  
0  
1  mb 1 1 648 234
0  
0  
0  
0  
0  
0  
0  
1  mb 1 0 648 234
0  
0  
0  
0  
0  
0  
0  
0  
1 T 1524979460.604000 
0  
0  
0  
0  
0  
0  
0  
0  
0  
0  
0  
0  
0  
0  
0  
0  
0  
0  
0  
0  
0  
0  
0  
0  
0  
1  mm 644 234
1  mm 641 234
1  mm 638 234
1  mm 636 234
1  mm 634 234
1  mm 633 234
0  
1  mm 633 233
0  
1  mb 1 1 633 233
0  
0  
0  
0  
0  
0  
0  
1  mb 1 0 633 233
0  
0  
0  
0  
0  
0  
0  
0  
0  
0  
0  
0  
0  
0  
0  
0  
0  
0  
0  
0  
0  
0  
0  
0  
0  
0  
1  kd 127 633 233
0  
0  
0  
0  
0  
0  
0  
0  
0  
0  
0  
0  
0  
0  
0  
0  
0  
0  
0  
0  
0  
0  
0  
0  
0  
0  
0  
0  
0  
1 T 1524979462.277000 
0  
0  
0  
0  
0  
0  
0  
0  
0  
0  
0  
0  
0  
0  
0  
0  
0  
0  
0  
0  
0  
0  
0  
0  
0  
0  
0  
0  
0  
0  
0  
0  
0  
0  
0  
0  
0  
1  kd 114 633 233
1  ku 8 633 233
0  
0  
0  
0  
1  kd 97 633 233
0  
0  
0  
0  
1  ku 114 633 233
0  
0  
0  
0  
0  
2  ku 97 633 233 kd 110 633 233
0  
0  
0  
0  
0  
1  ku 110 633 233
1  kd 100 633 233
0  
0  
0  
0  
0  
0  
0  
0  
0  
1  ku 100 633 233
0  
0  
0  
0  
0  
0  
0  
0  
0  
0  
1  kd 111 633 233
0  
0  
0  
0  
0  
1  ku 111 633 233
0  
0  
0  
0  
1  kd 109 633 233
0  
0  
0  
0  
1  ku 109 633 233
1 T 1524979463.947000 
0  
0  
0  
0  
0  
0  
0  
0  
0  
0  
0  
0  
0  
1  sd 102 633 233
0  
0  
0  
0  
0  
0  
0  
0  
1  su 102 633 233
0  
0  
0  
0  
1  sd 102 633 233
0  
0  
0  
0  
0  
1  su 102 633 233
0  
0  
0  
1  sd 102 633 233
0  
0  
0  
0  
0  
0  
0  
0  
1  su 102 633 233
0  
0  
0  
0  
0  
0  
0  
0  
0  
0  
0  
0  
0  
0  
0  
0  
0  
0  
0  
0  
0  
0  
0  
0  
0  
0  
0  
0  
0  
0  
1  sd 102 633 233
0  
0  
0  
0  
0  
0  
0  
0  
0  
0  
1  su 102 633 233
0  
0  
0  
0  
1  sd 102 633 233
0  
0  
0  
0  
0  
2 T 1524979465.637000 su 102 633 233
0  
0  
0  
0  
0  
1  sd 102 633 233
0  
0  
1  su 102 633 233
0  
0  
0  
0  
0  
0  
0  
0  
0  
0  
0  
0  
0  
0  
0  
0  
0  
0  
0  
0  
0  
0  
0  
0  
1  kd 127 633 233
0  
0  
0  
1  ku 8 633 233
0  
0  
0  
0  
1  kd 127 633 233
0  
0  
0  
1  ku 8 633 233
0  
0  
0  
0  
0  
0  
1  kd 127 633 233
0  
0  
0  
1  ku 8 633 233
0  
0  
0  
0  
0  
0  
0  
0  
0  
0  
0  
0  
0  
1  kd 127 633 233
0  
0  
0  
1  ku 8 633 233
0  
0  
0  
0  
0  
1  kd 127 633 233
0  
0  
1  ku 8 633 233
0  
0  
0  
0  
0  
0  
0  
0  
0  
0  
0  
0  
0  
0  
1 T 1524979467.306000 
0  
0  
0  
1  kd 97 633 233
0  
0  
0  
0  
0  
0  
0  
1  ku 97 633 233
1  kd 110 633 233
0  
0  
0  
1  ku 110 633 233
0  
0  
0  
0  
0  
0  
1  kd 121 633 233
0  
0  
0  
1  ku 121 633 233
0  
0  
0  
0  
0  
0  
0  
1  kd 109 633 233
0  
0  
0  
0  
1  ku 109 633 233
1  kd 97 633 233
0  
0  
0  
0  
0  
2  kd 105 633 233 ku 97 633 233
0  
0  
0  
1  ku 105 633 233
0  
0  
0  
0  
1  kd 108 633 233
0  
0  
0  
0  
0  
1  ku 108 633 233
0  
0  
0  
0  
0  
0  
0  
0  
0  
0  
0  
0  
0  
0  
0  
1  mm 642 239
1  mm 683 267
1  mm 741 307
1  mm 832 369
1  mm 886 409
1  mm 924 439
1  mm 966 475
1  mm 995 506
1  mm 1013 530
1  mm 1046 578
1  mm 1068 608
1  mm 1084 627
1  mm 1100 645
1  mm 1110 653
1  mm 1123 665
1  mm 1124 666
1  mm 1126 667
1  mm 1127 668
0  
0  
0  
1 T 1524979468.979000 
0  
1  mm 1127 669
0  
1  mm 1126 669
1  mm 1124 669
1  mm 1122 668
1  mm 1119 666
1  mm 1119 664
1  mm 1117 662
1  mm 1111 656
1  mm 1104 651
1  mm 1096 646
1  mm 1093 644
1  mm 1091 643
1  mm 1090 643
0  
0  
1  mm 1089 643
1  mb 1 1 1089 643
0  
0  
0  
0  
2 T 1524979469.382000 mb 1 0 1089 643
0  
1 T 1524979469.412000 
1 T 1524979469.429000 
1 T 1524979469.446000 
1 T 1524979469.462000 
1 T 1524979469.479000 
1 T 1524979469.495000 
1 T 1524979469.513000 
1 T 1524979469.529000 
1 T 1524979469.545000 
1 T 1524979469.562000 
1 T 1524979469.579000 
1 T 1524979469.596000 
1 T 1524979469.613000 
1 T 1524979469.629000 
1 T 1524979469.645000 
1 T 1524979469.663000 
1 T 1524979469.680000 
1 T 1524979469.696000 
1 T 1524979469.713000 
1 T 1524979469.730000 
1 T 1524979469.746000 
1 T 1524979469.763000 
1 T 1524979469.779000 
1 T 1524979469.796000 
2 T 1524979469.813000 mm 1085 643
2 T 1524979469.831000 mm 1076 646
2 T 1524979469.847000 mm 1065 651
2 T 1524979469.864000 mm 1052 658
2 T 1524979469.881000 mm 1032 668
2 T 1524979469.898000 mm 1018 676
2 T 1524979469.915000 mm 1004 683
2 T 1524979469.930000 mm 990 690
2 T 1524979469.948000 mm 978 696
2 T 1524979469.963000 mm 971 698
2 T 1524979469.981000 mm 964 701
2 T 1524979469.997000 mm 956 705
2 T 1524979470.015000 mm 950 708
2 T 1524979470.032000 mm 942 713
2 T 1524979470.048000 mm 934 719
2 T 1524979470.064000 mm 925 719
2 T 1524979470.081000 mm 914 719
2 T 1524979470.101000 mm 908 719
2 T 1524979470.116000 mm 901 719
2 T 1524979470.133000 mm 896 719
2 T 1524979470.149000 mm 891 719
2 T 1524979470.165000 mm 886 719
2 T 1524979470.181000 mm 882 719
2 T 1524979470.199000 mm 878 719
2 T 1524979470.216000 mm 876 719
2 T 1524979470.232000 mm 873 719
2 T 1524979470.250000 mm 870 719
2 T 1524979470.266000 mm 868 719
2 T 1524979470.283000 mm 867 719
2 T 1524979470.300000 mm 866 719
2 T 1524979470.317000 mm 865 719
1 T 1524979470.333000 
1 T 1524979470.350000 
1 T 1524979470.365000 
3 T 1524979470.382000 xs 1 3 -1 T 1524979470.383000 
1 T 1524979470.399000 
1 T 1524979470.415000 
1 T 1524979470.434000 
1 T 1524979470.450000 
1 T 1524979470.467000 
1 T 1524979470.483000 
1 T 1524979470.500000 
2 T 1524979470.517000 mm 864 719
1 T 1524979470.533000 
1 T 1524979470.550000 
1 T 1524979470.566000 
1 T 1524979470.583000 
1 T 1524979470.599000 
2 T 1524979470.618000 mm 863 719
1 T 1524979470.633000 
2 T 1524979470.649000 T 1524979470.650000 
1 T 1524979470.667000 
1 T 1524979470.684000 
1 T 1524979470.699000 
1 T 1524979470.716000 
1 T 1524979470.734000 
1 T 1524979470.751000 
1 T 1524979470.766000 
1 T 1524979470.782000 
1 T 1524979470.823000 
1 T 1524979470.832000 
1 T 1524979470.850000 
1 T 1524979470.866000 
1 T 1524979470.882000 
1 T 1524979470.900000 
1 T 1524979470.915000 
1 T 1524979470.932000 
1 T 1524979470.949000 
1 T 1524979470.966000 
1 T 1524979470.983000 
1 T 1524979470.999000 
1 T 1524979471.016000 
1 T 1524979471.047000 
1 T 1524979471.065000 
1 T 1524979471.079000 
1 T 1524979471.095000 
1 T 1524979471.112000 
1 T 1524979471.127000 
1 T 1524979471.142000 
1 T 1524979471.159000 
1 T 1524979471.175000 
1 T 1524979471.190000 
1 T 1524979471.207000 
1 T 1524979471.223000 
1 T 1524979471.238000 
1 T 1524979471.255000 
1 T 1524979471.271000 
1 T 1524979471.287000 
1 T 1524979471.303000 
1 T 1524979471.319000 
1 T 1524979471.335000 
1 T 1524979471.352000 
1 T 1524979471.368000 
1 T 1524979471.385000 
1 T 1524979471.401000 
1 T 1524979471.417000 
1 T 1524979471.435000 
1 T 1524979471.452000 
1 T 1524979471.468000 
1 T 1524979471.485000 
0  
0  
0  
0  
0  
0  
0  
0  
0  
0  
0  
0  
0  
0  
0  
0  
0  
0  
0  
0  
0  
0  
0  
0  
0  
0  
0  
0  
0  
0  
0  
0  
0  
0  
0  
0  
0  
0  
0  
0  
0  
0  
0  
0  
0  
0  
0  
0  
0  
0  
1 T 1524979472.337000 
0  
0  
0  
0  
0  
0  
0  
0  
0  
0  
0  
0  
0  
0  
0  
0  
0  
0  
0  
0  
0  
0  
0  
0  
0  
0  
0  
0  
0  
0  
0  
0  
0  
0  
0  
0  
0  
0  
0  
0  
0  
0  
0  
0  
0  
0  
0  
0  
0  
0  
0  
0  
0  
0  
0  
0  
0  
0  
0  
0  
0  
0  
0  
0  
0  
0  
0  
0  
0  
0  
0  
0  
0  
0  
0  
0  
0  
0  
0  
0  
0  
0  
0  
0  
0  
0  
0  
0  
0  
0  
0  
0  
0  
0  
0  
0  
0  
0  
0  
1 T 1524979474.009000 
0  
0  
0  
0  
0  
0  
0  
0  
0  
0  
0  
0  
0  
0  
0  
0  
0  
0  
0  
0  
0  
0  
0  
0  
0  
0  
0  
0  
0  
0  
0  
0  
0  
0  
0  
0  
0  
0  
0  
0  
0  
0  
0  
0  
0  
0  
0  
0  
0  
0  
0  
0  
0  
0  
0  
0  
0  
0  
0  
0  
0  
0  
0  
0  
0  
0  
0  
0  
0  
0  
0  
0  
0  
0  
0  
0  
0  
0  
0  
0  
0  
0  
0  
0  
0  
0  
0  
0  
0  
0  
0  
0  
0  
0  
0  
0  
0  
0  
0  
1 T 1524979475.678000 
0  
0  
0  
0  
0  
0  
0  
0  
0  
0  
0  
0  
0  
0  
0  
0  
0  
0  
0  
0  
0  
0  
0  
0  
0  
0  
0  
0  
0  
0  
0  
0  
0  
0  
0  
0  
0  
0  
0  
0  
0  
0  
0  
0  
0  
0  
0  
0  
0  
0  
0  
0  
0  
0  
0  
0  
0  
0  
0  
0  
0  
0  
0  
0  
0  
0  
0  
0  
0  
0  
0  
0  
0  
0  
0  
0  
0  
0  
0  
0  
0  
0  
0  
0  
0  
0  
0  
0  
0  
0  
0  
0  
0  
0  
0  
0  
0  
0  
0  
1 T 1524979477.367000 
0  
0  
0  
0  
0  
0  
0  
0  
0  
0  
0  
0  
0  
0  
0  
0  
0  
0  
0  
0  
0  
0  
0  
0  
0  
0  
0  
0  
0  
0  
0  
0  
0  
0  
0  
0  
0  
0  
0  
0  
0  
0  
0  
0  
0  
0  
0  
0  
0  
0  
0  
0  
0  
0  
0  
0  
0  
0  
0  
0  
0  
0  
0  
0  
0  
0  
0  
0  
0  
0  
0  
0  
0  
0  
0  
0  
0  
0  
0  
0  
0  
0  
0  
0  
0  
0  
0  
0  
0  
0  
0  
0  
0  
0  
0  
0  
0  
0  
0  
1 T 1524979479.039000 
0  
0  
0  
0  
0  
0  
0  
0  
0  
0  
0  
0  
0  
0  
0  
0  
0  
0  
0  
0  
0  
0  
0  
0  
0  
0  
0  
0  
0  
0  
0  
0  
0  
0  
0  
0  
0  
0  
0  
0  
0  
0  
0  
0  
0  
0  
0  
0  
0  
0  
0  
0  
0  
0  
0  
0  
0  
0  
0  
0  
0  
0  
0  
0  
0  
0  
0  
0  
0  
0  
0  
0  
0  
0  
0  
0  
0  
0  
0  
0  
0  
0  
0  
0  
0  
0  
0  
0  
0  
0  
0  
0  
0  
0  
0  
0  
0  
0  
0  
1 T 1524979480.709000 
0  
0  
0  
0  
0  
0  
0  
0  
0  
0  
0  
0  
0  
0  
0  
0  
0  
0  
0  
0  
0  
0  
0  
0  
0  
0  
0  
0  
0  
0  
0  
0  
0  
0  
0  
0  
0  
0  
0  
0  
0  
0  
0  
0  
0  
0  
0  
0  
0  
0  
0  
0  
0  
0  
0  
0  
0  
0  
0  
0  
0  
0  
0  
0  
0  
0  
0  
0  
0  
0  
0  
0  
0  
0  
0  
0  
0  
0  
0  
0  
0  
0  
0  
0  
0  
0  
0  
0  
0  
0  
0  
0  
0  
0  
0  
0  
0  
0  
0  
1 T 1524979482.380000 
0  
0  
0  
0  
0  
0  
0  
0  
0  
0  
0  
0  
0  
0  
0  
0  
0  
0  
0  
0  
0  
0  
0  
0  
0  
0  
0  
0  
0  
0  
0  
0  
0  
0  
0  
0  
0  
0  
0  
0  
0  
0  
0  
0  
0  
0  
0  
0  
0  
0  
0  
0  
0  
0  
0  
0  
0  
0  
0  
0  
0  
0  
0  
0  
0  
0  
0  
0  
0  
0  
0  
0  
0  
0  
0  
0  
0  
0  
0  
0  
0  
0  
0  
0  
0  
0  
0  
0  
0  
0  
0  
0  
0  
0  
0  
0  
0  
0  
0  
1 T 1524979484.088000 
0  
0  
0  
0  
0  
0  
0  
0  
0  
0  
0  
0  
0  
0  
0  
0  
0  
0  
0  
0  
0  
0  
0  
0  
0  
0  
0  
0  
0  
0  
0  
0  
0  
0  
0  
0  
0  
0  
0  
0  
0  
0  
0  
0  
0  
0  
0  
0  
0  
0  
0  
0  
0  
0  
0  
0  
0  
0  
0  
0  
0  
0  
0  
0  
0  
0  
0  
0  
0  
0  
0  
0  
0  
0  
0  
0  
0  
0  
0  
0  
0  
0  
0  
0  
0  
0  
0  
0  
0  
0  
0  
0  
0  
0  
0  
0  
0  
0  
0  
1 T 1524979485.756000 
0  
0  
0  
0  
0  
0  
0  
0  
0  
0  
0  
0  
0  
0  
0  
0  
0  
0  
0  
0  
0  
0  
0  
0  
0  
0  
0  
0  
0  
0  
0  
0  
0  
0  
0  
0  
0  
0  
0  
0  
0  
0  
0  
0  
0  
0  
0  
0  
0  
0  
0  
0  
0  
0  
0  
0  
0  
0  
0  
0  
0  
0  
0  
0  
0  
0  
0  
0  
0  
0  
0  
0  
0  
0  
0  
0  
0  
0  
0  
0  
0  
0  
0  
0  
0  
0  
0  
0  
0  
0  
0  
0  
0  
0  
0  
0  
0  
0  
0  
1 T 1524979487.427000 
0  
0  
0  
0  
0  
0  
0  
0  
0  
0  
0  
0  
0  
0  
0  
0  
0  
0  
0  
0  
0  
0  
0  
0  
0  
0  
0  
0  
0  
0  
0  
0  
0  
0  
0  
0  
0  
0  
0  
0  
0  
0  
0  
0  
0  
0  
0  
0  
0  
0  
0  
0  
0  
0  
0  
0  
0  
0  
0  
0  
0  
0  
0  
0  
0  
0  
0  
0  
0  
0  
0  
0  
0  
0  
0  
0  
0  
0  
0  
0  
0  
0  
0  
0  
0  
0  
0  
0  
0  
0  
0  
0  
0  
0  
0  
0  
0  
0  
0  
1 T 1524979489.116000 
0  
0  
0  
0  
0  
0  
0  
0  
0  
0  
0  
0  
0  
0  
0  
0  
0  
0  
0  
0  
0  
0  
0  
0  
0  
0  
0  
0  
0  
0  
0  
0  
0  
0  
0  
0  
0  
0  
0  
0  
0  
0  
0  
0  
0  
0  
0  
0  
0  
0  
0  
0  
0  
0  
0  
0  
0  
0  
0  
0  
0  
0  
0  
0  
0  
0  
0  
0  
0  
0  
0  
0  
0  
0  
0  
0  
0  
0  
0  
0  
0  
0  
0  
0  
0  
0  
0  
0  
0  
0  
0  
0  
0  
0  
0  
0  
0  
0  
0  
1 T 1524979490.788000 
0  
0  
0  
0  
0  
0  
0  
0  
0  
0  
0  
0  
0  
0  
0  
0  
0  
0  
0  
0  
0  
0  
0  
0  
0  
0  
0  
0  
0  
0  
0  
0  
0  
0  
0  
0  
0  
0  
0  
0  
0  
0  
0  
0  
0  
0  
0  
0  
0  
0  
0  
0  
0  
0  
0  
0  
0  
0  
0  
0  
0  
0  
0  
0  
0  
0  
0  
0  
0  
0  
0  
0  
0  
0  
0  
0  
0  
0  
0  
0  
0  
0  
0  
0  
0  
0  
0  
0  
0  
0  
0  
0  
0  
0  
0  
0  
0  
0  
0  
1 T 1524979492.459000 
0  
0  
0  
0  
0  
0  
0  
0  
0  
0  
0  
0  
0  
0  
0  
0  
0  
0  
0  
0  
0  
0  
0  
0  
0  
0  
0  
0  
0  
0  
0  
0  
0  
0  
0  
0  
0  
0  
0  
0  
0  
0  
0  
0  
0  
0  
0  
0  
0  
0  
0  
0  
0  
0  
0  
0  
0  
0  
0  
0  
0  
0  
0  
0  
0  
0  
0  
0  
0  
0  
0  
0  
0  
0  
0  
0  
0  
0  
0  
0  
0  
0  
0  
0  
0  
0  
0  
0  
0  
0  
0  
0  
0  
0  
0  
0  
0  
0  
0  
1 T 1524979494.129000 
0  
0  
0  
0  
0  
0  
0  
0  
0  
0  
0  
0  
0  
0  
0  
0  
0  
0  
0  
0  
0  
0  
0  
0  
0  
0  
0  
0  
0  
0  
0  
0  
0  
0  
0  
0  
0  
0  
0  
0  
0  
0  
0  
0  
0  
0  
0  
0  
0  
0  
0  
0  
0  
0  
0  
0  
0  
0  
0  
0  
0  
0  
0  
0  
0  
0  
0  
0  
0  
0  
0  
0  
0  
0  
0  
0  
0  
0  
0  
0  
0  
0  
0  
0  
0  
0  
0  
0  
0  
0  
0  
0  
0  
0  
0  
0  
0  
0  
0  
1 T 1524979495.818000 
0  
0  
0  
0  
0  
0  
0  
0  
0  
0  
0  
0  
0  
0  
0  
0  
0  
0  
0  
0  
0  
0  
0  
0  
0  
0  
0  
0  
0  
0  
0  
0  
0  
0  
0  
0  
0  
0  
0  
0  
0  
0  
0  
0  
0  
0  
0  
0  
0  
0  
0  
0  
0  
0  
0  
0  
0  
0  
0  
0  
0  
0  
0  
0  
0  
0  
0  
0  
0  
0  
0  
0  
0  
0  
0  
0  
0  
0  
0  
0  
0  
0  
0  
0  
0  
0  
0  
0  
0  
0  
0  
0  
0  
0  
0  
0  
0  
0  
0  
1 T 1524979497.489000 
0  
0  
0  
0  
0  
0  
0  
0  
0  
0  
0  
0  
0  
0  
0  
0  
0  
0  
0  
0  
0  
0  
0  
0  
0  
0  
0  
0  
0  
0  
0  
0  
0  
0  
0  
0  
0  
0  
0  
0  
0  
0  
0  
0  
0  
0  
0  
0  
0  
0  
0  
0  
0  
0  
0  
0  
0  
0  
0  
0  
0  
0  
0  
0  
0  
0  
0  
0  
0  
0  
0  
0  
0  
0  
0  
0  
0  
0  
0  
0  
0  
0  
0  
0  
0  
0  
0  
0  
0  
0  
0  
0  
0  
0  
0  
0  
0  
0  
0  
1 T 1524979499.161000 
0  
0  
0  
0  
0  
0  
0  
0  
0  
0  
0  
0  
0  
0  
0  
0  
0  
0  
0  
0  
0  
0  
0  
0  
0  
0  
0  
0  
0  
0  
0  
0  
0  
0  
0  
0  
0  
0  
0  
0  
0  
0  
0  
0  
0  
0  
0  
0  
0  
0  
0  
0  
0  
0  
0  
0  
0  
0  
0  
0  
0  
0  
0  
0  
0  
0  
0  
0  
0  
0  
0  
0  
0  
0  
0  
0  
0  
0  
0  
0  
0  
0  
0  
0  
0  
0  
0  
0  
0  
0  
0  
0  
0  
0  
0  
0  
0  
0  
0  
1 T 1524979500.833000 
0  
0  
0  
0  
0  
0  
0  
0  
0  
0  
0  
0  
0  
0  
0  
0  
0  
0  
0  
0  
0  
0  
0  
0  
0  
0  
0  
0  
0  
0  
0  
0  
0  
0  
0  
0  
0  
0  
0  
0  
0  
0  
0  
0  
0  
0  
0  
0  
0  
0  
0  
0  
0  
0  
0  
0  
0  
0  
0  
0  
0  
0  
0  
0  
0  
0  
0  
0  
0  
0  
0  
0  
0  
0  
0  
0  
0  
0  
0  
0  
0  
0  
0  
0  
0  
0  
0  
0  
0  
0  
0  
0  
0  
0  
0  
0  
0  
0  
0  
1 T 1524979502.501000 
0  
0  
0  
0  
0  
0  
0  
0  
0  
0  
0  
0  
0  
0  
0  
0  
0  
0  
0  
0  
0  
0  
0  
0  
0  
0  
0  
0  
0  
0  
0  
0  
0  
0  
0  
0  
0  
0  
0  
0  
0  
0  
0  
0  
0  
0  
0  
0  
0  
0  
0  
0  
0  
0  
0  
0  
0  
0  
0  
0  
0  
0  
0  
0  
0  
0  
0  
0  
0  
0  
0  
0  
0  
0  
0  
0  
0  
0  
0  
0  
0  
0  
0  
0  
0  
0  
0  
0  
0  
0  
0  
0  
0  
0  
0  
0  
0  
0  
0  
1 T 1524979504.171000 
0  
0  
0  
0  
0  
0  
0  
0  
0  
0  
0  
0  
0  
0  
0  
0  
0  
0  
0  
0  
0  
0  
0  
0  
0  
0  
0  
0  
0  
0  
0  
0  
0  
0  
0  
0  
0  
0  
0  
0  
0  
0  
0  
0  
0  
0  
0  
0  
0  
0  
0  
0  
0  
0  
0  
0  
0  
0  
0  
0  
0  
0  
0  
0  
0  
0  
0  
0  
0  
0  
0  
0  
0  
0  
0  
0  
0  
0  
0  
0  
0  
0  
0  
0  
0  
0  
0  
0  
0  
0  
0  
0  
0  
0  
0  
0  
0  
0  
0  
1 T 1524979505.844000 
0  
0  
0  
0  
0  
0  
0  
0  
0  
0  
0  
0  
0  
0  
0  
0  
0  
0  
0  
0  
0  
0  
0  
0  
0  
0  
0  
0  
0  
0  
0  
0  
0  
0  
0  
0  
0  
0  
0  
0  
0  
0  
0  
0  
0  
0  
0  
0  
0  
0  
0  
0  
0  
0  
0  
0  
0  
0  
0  
0  
0  
0  
0  
0  
0  
0  
0  
0  
0  
0  
0  
0  
0  
0  
0  
0  
0  
0  
0  
0  
0  
0  
0  
0  
0  
0  
0  
0  
0  
0  
0  
0  
0  
0  
0  
0  
0  
0  
0  
1 T 1524979507.515000 
0  
0  
0  
0  
0  
0  
0  
0  
0  
0  
0  
0  
0  
0  
0  
0  
0  
0  
0  
0  
0  
0  
0  
0  
0  
0  
0  
0  
0  
0  
0  
0  
0  
0  
0  
0  
0  
0  
0  
0  
0  
0  
0  
0  
0  
0  
0  
0  
0  
0  
0  
0  
0  
0  
0  
0  
0  
0  
0  
0  
0  
0  
0  
0  
0  
0  
0  
0  
0  
0  
0  
0  
0  
0  
0  
0  
0  
0  
0  
0  
0  
0  
0  
0  
0  
0  
0  
0  
0  
0  
0  
0  
0  
0  
0  
0  
0  
0  
0  
1 T 1524979509.186000 
0  
0  
0  
0  
0  
0  
0  
0  
0  
0  
0  
0  
0  
0  
0  
0  
0  
0  
0  
0  
0  
0  
0  
0  
0  
0  
0  
0  
0  
0  
0  
0  
0  
0  
0  
0  
0  
0  
0  
0  
0  
0  
0  
0  
0  
0  
0  
0  
0  
0  
0  
0  
0  
0  
0  
0  
0  
0  
0  
0  
0  
0  
0  
0  
0  
0  
0  
0  
0  
0  
0  
0  
0  
0  
0  
0  
0  
0  
0  
0  
0  
0  
0  
0  
0  
0  
0  
0  
0  
0  
0  
0  
0  
0  
0  
0  
0  
0  
0  
1 T 1524979510.857000 
0  
0  
0  
0  
0  
0  
0  
0  
0  
0  
0  
0  
0  
0  
0  
0  
0  
0  
0  
0  
0  
0  
0  
0  
0  
0  
0  
0  
0  
0  
0  
0  
0  
0  
0  
0  
0  
0  
0  
0  
0  
0  
0  
0  
0  
0  
0  
0  
0  
0  
0  
0  
0  
0  
0  
0  
0  
0  
0  
0  
0  
0  
0  
0  
0  
0  
0  
0  
0  
0  
0  
0  
0  
0  
0  
0  
0  
0  
0  
0  
0  
0  
0  
0  
0  
0  
0  
0  
0  
0  
0  
0  
0  
0  
0  
0  
0  
0  
0  
1 T 1524979512.528000 
0  
0  
0  
0  
0  
0  
0  
0  
0  
0  
0  
0  
0  
0  
0  
0  
0  
0  
0  
0  
0  
0  
0  
0  
0  
0  
0  
0  
0  
0  
0  
0  
0  
0  
0  
0  
0  
0  
0  
0  
0  
0  
0  
0  
0  
0  
0  
0  
0  
0  
0  
0  
0  
0  
0  
0  
0  
0  
0  
0  
0  
0  
0  
0  
0  
0  
0  
0  
0  
0  
0  
0  
0  
0  
0  
0  
0  
0  
0  
0  
0  
0  
0  
0  
0  
0  
0  
0  
0  
0  
0  
0  
0  
0  
0  
0  
0  
0  
0  
1 T 1524979514.199000 
0  
0  
0  
0  
0  
0  
0  
0  
0  
0  
0  
0  
0  
0  
0  
0  
0  
0  
0  
0  
0  
0  
0  
0  
0  
0  
0  
0  
0  
0  
0  
0  
0  
0  
0  
0  
0  
0  
0  
0  
0  
0  
0  
0  
0  
0  
0  
0  
0  
0  
0  
0  
0  
0  
0  
0  
0  
0  
0  
0  
0  
0  
0  
0  
0  
0  
0  
0  
0  
0  
0  
0  
0  
0  
0  
0  
0  
0  
0  
0  
0  
0  
0  
0  
0  
0  
0  
0  
0  
0  
0  
0  
0  
0  
0  
0  
0  
0  
0  
1 T 1524979515.870000 
0  
0  
0  
0  
0  
0  
0  
0  
0  
0  
0  
0  
0  
0  
0  
0  
0  
0  
0  
0  
0  
0  
0  
0  
0  
0  
0  
0  
0  
0  
0  
0  
0  
0  
0  
0  
0  
0  
0  
0  
0  
0  
0  
0  
0  
0  
0  
0  
0  
0  
0  
0  
0  
0  
0  
0  
0  
0  
0  
0  
0  
0  
0  
0  
0  
0  
0  
0  
0  
0  
0  
0  
0  
0  
0  
0  
0  
0  
0  
0  
0  
0  
0  
0  
0  
0  
0  
0  
0  
0  
0  
0  
0  
0  
0  
0  
0  
0  
0  
1 T 1524979517.542000 
0  
0  
0  
0  
0  
0  
0  
0  
0  
0  
0  
0  
0  
0  
0  
0  
0  
0  
0  
0  
0  
0  
0  
0  
0  
0  
0  
0  
0  
0  
0  
0  
0  
0  
0  
0  
0  
0  
0  
0  
0  
0  
0  
0  
0  
0  
0  
0  
0  
0  
0  
0  
0  
0  
0  
0  
0  
0  
0  
0  
0  
0  
0  
0  
0  
0  
0  
0  
0  
0  
0  
0  
0  
0  
0  
0  
0  
0  
0  
0  
0  
0  
0  
0  
0  
0  
0  
0  
0  
0  
0  
0  
0  
0  
0  
0  
0  
0  
0  
1 T 1524979519.213000 
0  
0  
0  
0  
0  
0  
0  
0  
0  
0  
0  
0  
0  
0  
0  
0  
0  
0  
0  
0  
0  
0  
0  
0  
0  
0  
0  
0  
0  
0  
0  
0  
0  
0  
0  
0  
0  
0  
0  
0  
0  
0  
0  
0  
0  
0  
0  
0  
0  
0  
0  
0  
0  
0  
0  
0  
0  
0  
0  
0  
0  
0  
0  
0  
0  
0  
0  
0  
0  
0  
0  
0  
0  
0  
0  
0  
0  
0  
0  
0  
0  
0  
0  
0  
0  
0  
0  
0  
0  
0  
0  
0  
0  
0  
0  
0  
0  
0  
0  
1 T 1524979520.884000 
0  
0  
0  
0  
0  
0  
0  
0  
0  
0  
0  
0  
0  
0  
0  
0  
0  
0  
0  
0  
0  
0  
0  
0  
0  
0  
0  
0  
0  
0  
0  
0  
0  
0  
0  
0  
0  
0  
0  
0  
0  
0  
0  
0  
0  
0  
0  
0  
0  
0  
0  
0  
0  
0  
0  
0  
0  
0  
0  
0  
0  
0  
0  
0  
0  
0  
0  
0  
0  
0  
0  
0  
0  
0  
0  
0  
0  
0  
0  
0  
0  
0  
0  
0  
0  
0  
0  
0  
0  
0  
0  
0  
0  
0  
0  
0  
0  
0  
0  
1 T 1524979522.555000 
0  
0  
0  
0  
0  
0  
0  
0  
0  
0  
0  
0  
0  
0  
0  
0  
0  
0  
0  
0  
0  
0  
0  
0  
0  
0  
0  
0  
0  
0  
0  
0  
0  
0  
0  
0  
0  
0  
0  
0  
0  
0  
0  
0  
0  
0  
0  
0  
0  
0  
0  
0  
0  
0  
0  
0  
0  
0  
0  
0  
0  
0  
0  
0  
0  
0  
0  
0  
0  
0  
0  
0  
0  
0  
0  
0  
0  
0  
0  
0  
0  
0  
0  
0  
0  
0  
0  
0  
0  
0  
0  
0  
0  
0  
0  
0  
0  
0  
0  
1 T 1524979524.226000 
0  
0  
0  
0  
0  
0  
0  
0  
0  
0  
0  
0  
0  
0  
0  
0  
0  
0  
0  
0  
0  
0  
0  
0  
0  
0  
0  
0  
0  
0  
0  
0  
0  
0  
0  
0  
0  
0  
0  
0  
0  
0  
0  
0  
0  
0  
0  
0  
0  
0  
0  
0  
0  
0  
0  
0  
0  
0  
0  
0  
0  
0  
0  
0  
0  
0  
0  
0  
0  
0  
0  
0  
0  
0  
0  
0  
0  
0  
0  
0  
0  
0  
0  
0  
0  
0  
0  
0  
0  
0  
0  
0  
0  
0  
0  
0  
0  
0  
0  
1 T 1524979525.898000 
0  
0  
0  
0  
0  
0  
0  
0  
0  
0  
0  
0  
0  
0  
0  
0  
0  
0  
0  
0  
0  
0  
0  
0  
0  
0  
0  
0  
0  
0  
0  
0  
0  
0  
0  
0  
0  
0  
0  
0  
0  
0  
0  
0  
0  
0  
0  
0  
0  
0  
0  
0  
0  
0  
0  
0  
0  
0  
0  
0  
0  
0  
0  
0  
0  
0  
0  
0  
0  
0  
0  
0  
0  
0  
0  
0  
0  
0  
0  
0  
0  
0  
0  
0  
0  
0  
0  
0  
0  
0  
0  
0  
0  
0  
0  
0  
0  
0  
0  
1 T 1524979527.569000 
0  
0  
0  
0  
0  
0  
0  
0  
0  
0  
0  
0  
0  
0  
0  
0  
0  
0  
0  
0  
0  
0  
0  
0  
0  
0  
0  
0  
0  
0  
0  
0  
0  
0  
0  
0  
0  
0  
0  
0  
0  
0  
0  
0  
0  
0  
0  
0  
0  
0  
0  
0  
0  
0  
0  
0  
0  
0  
0  
0  
0  
0  
0  
0  
0  
0  
0  
0  
0  
0  
0  
0  
0  
0  
0  
0  
0  
0  
0  
0  
0  
0  
0  
0  
0  
0  
0  
0  
0  
0  
0  
0  
0  
0  
0  
0  
0  
0  
0  
1 T 1524979529.241000 
0  
0  
0  
0  
0  
0  
0  
0  
0  
0  
0  
0  
0  
0  
0  
0  
0  
0  
0  
0  
0  
0  
0  
0  
0  
0  
0  
0  
0  
0  
0  
0  
0  
0  
0  
0  
0  
0  
0  
0  
0  
0  
0  
0  
0  
0  
0  
0  
0  
0  
0  
0  
0  
0  
0  
0  
0  
0  
0  
0  
0  
0  
0  
0  
0  
0  
0  
0  
0  
0  
0  
0  
0  
0  
0  
0  
0  
0  
0  
0  
0  
0  
0  
0  
0  
0  
0  
0  
0  
0  
0  
0  
0  
0  
0  
0  
0  
0  
0  
1 T 1524979530.911000 
0  
0  
0  
0  
0  
0  
0  
0  
0  
0  
0  
0  
0  
0  
0  
0  
0  
0  
0  
0  
0  
0  
0  
0  
0  
0  
0  
0  
0  
0  
0  
0  
0  
0  
0  
0  
0  
0  
0  
0  
0  
0  
0  
0  
0  
0  
0  
0  
0  
0  
0  
0  
0  
0  
0  
0  
0  
0  
0  
0  
0  
0  
0  
0  
0  
0  
0  
0  
0  
0  
0  
0  
0  
0  
0  
0  
0  
0  
0  
0  
0  
0  
0  
0  
0  
0  
0  
0  
0  
0  
0  
0  
0  
0  
0  
0  
0  
0  
0  
1 T 1524979532.582000 
0  
0  
0  
0  
0  
0  
0  
0  
0  
0  
0  
0  
0  
0  
0  
0  
0  
0  
0  
0  
0  
0  
0  
0  
0  
0  
0  
0  
0  
0  
0  
0  
0  
0  
0  
0  
0  
0  
0  
0  
0  
0  
0  
0  
0  
0  
0  
0  
0  
0  
0  
0  
0  
0  
0  
0  
0  
0  
0  
0  
0  
0  
0  
0  
0  
0  
0  
0  
0  
0  
0  
0  
0  
0  
0  
0  
0  
0  
0  
0  
0  
0  
0  
0  
0  
0  
0  
0  
0  
0  
0  
0  
0  
0  
0  
0  
0  
0  
0  
1 T 1524979534.254000 
0  
0  
0  
0  
0  
0  
0  
0  
0  
0  
0  
0  
0  
0  
0  
0  
0  
0  
0  
0  
0  
0  
0  
0  
0  
0  
0  
0  
0  
0  
0  
0  
0  
0  
0  
0  
0  
0  
0  
0  
0  
0  
0  
0  
0  
0  
0  
0  
0  
0  
0  
0  
0  
0  
0  
0  
0  
0  
0  
0  
0  
0  
0  
0  
0  
0  
0  
0  
0  
0  
0  
0  
0  
0  
0  
0  
0  
0  
0  
0  
0  
0  
0  
0  
0  
0  
0  
0  
0  
0  
0  
0  
0  
0  
0  
0  
0  
0  
0  
1 T 1524979535.924000 
0  
0  
0  
0  
0  
0  
0  
0  
0  
0  
0  
0  
0  
0  
0  
0  
0  
0  
0  
0  
0  
0  
0  
0  
0  
0  
0  
0  
0  
0  
0  
0  
0  
0  
0  
0  
0  
0  
0  
0  
0  
0  
0  
0  
0  
0  
0  
0  
0  
0  
0  
0  
0  
0  
0  
0  
0  
0  
0  
0  
0  
0  
0  
0  
0  
0  
0  
0  
0  
0  
0  
0  
0  
0  
0  
0  
0  
0  
0  
0  
0  
0  
0  
0  
0  
0  
0  
0  
0  
0  
0  
0  
0  
0  
0  
0  
0  
0  
0  
1 T 1524979537.596000 
0  
0  
0  
0  
0  
0  
0  
0  
0  
0  
0  
0  
0  
0  
0  
0  
0  
0  
0  
0  
0  
0  
0  
0  
0  
0  
0  
0  
0  
0  
0  
0  
0  
0  
0  
0  
0  
0  
0  
0  
0  
0  
0  
0  
0  
0  
0  
0  
0  
0  
0  
0  
0  
0  
0  
0  
0  
0  
0  
0  
0  
0  
0  
0  
0  
0  
0  
0  
0  
0  
0  
0  
0  
0  
0  
0  
0  
0  
0  
0  
0  
0  
0  
0  
0  
0  
0  
0  
0  
0  
0  
0  
0  
0  
0  
0  
0  
0  
0  
1 T 1524979539.271000 
0  
0  
0  
0  
0  
0  
0  
0  
0  
0  
0  
0  
0  
0  
0  
0  
0  
0  
0  
0  
0  
0  
0  
0  
0  
0  
0  
0  
0  
0  
0  
0  
0  
0  
0  
0  
0  
0  
0  
0  
0  
0  
0  
0  
0  
0  
0  
0  
0  
0  
0  
0  
0  
0  
0  
0  
0  
0  
0  
0  
0  
0  
0  
0  
0  
0  
0  
0  
0  
0  
0  
0  
0  
0  
0  
0  
0  
0  
0  
0  
0  
0  
0  
0  
0  
0  
0  
0  
0  
0  
0  
0  
0  
0  
0  
0  
0  
0  
0  
1 T 1524979540.939000 
0  
0  
0  
0  
0  
0  
0  
0  
0  
0  
0  
0  
0  
0  
0  
0  
0  
0  
0  
0  
0  
0  
0  
0  
0  
0  
0  
0  
0  
1  mm 613 83
0  
0  
0  
0  
0  
0  
0  
0  
0  
0  
0  
1  mm 612 84
1  mm 611 85
1  mm 610 86
1  mm 608 88
1  mm 604 91
1  mm 597 95
1  mm 587 98
1  mm 577 99
1  mm 560 102
1  mm 537 108
1  mm 502 115
1  mm 461 124
1  mm 398 132
1  mm 341 133
1  mm 293 134
1  mm 258 127
1  mm 236 112
1  mm 228 107
0  
0  
0  
0  
0  
0  
0  
0  
0  
0  
1  mm 228 108
1  mm 228 107
1  mm 231 111
1  mm 231 110
1  mm 229 101
1  mm 223 96
0  
0  
0  
0  
1  mm 222 96
0  
1  mm 219 94
1  mm 216 86
1  mm 212 73
1  mm 206 60
1  mm 178 44
1  mm 148 41
1  mm 106 33
1  mm 64 24
1  mm 35 18
1  mm 20 15
1  mm 17 14
1  mm 16 14
0  
0  
0  
0  
0  
1  mm 17 14
2 T 1524979542.670000 mm 18 15
1  mm 24 14
1  mm 29 12
1  mm 33 10
1  mm 33 9
1  mm 36 8
1  mm 36 7
1  mm 36 6
1  mm 37 4
1  mm 37 2
1  mm 37 1
0  
1  mm 36 0
0  
1  mm 35 0
0  
1  mm 34 0
0  
0  
1  mm 33 0
0  
0  
0  
1  mm 32 0
0  
0  
0  
0  
1  mm 31 0
0  
0  
0  
2  mm 240 110 mm 257 117
0  
1  mm 294 142
1  mm 327 164
1  mm 363 195
1  mm 402 243
1  mm 453 316
2  mm 534 423 mm 555 453
1  mm 626 569
1  mm 720 719
1  mm 792 719
1  mm 837 719
1  mm 869 719
1  mm 893 719
1  mm 919 719
1  mm 929 719
1  mm 932 719
1  mm 933 719
1  mm 934 719
1  mm 938 719
1  mm 939 719
0  
0  
0  
0  
0  
0  
0  
0  
0  
0  
0  
0  
0  
0  
0  
0  
0  
0  
0  
0  
0  
0  
0  
0  
0  
0  
0  
0  
0  
0  
0  
0  
0  
0  
0  
0  
0  
0  
0  
1  mm 941 719
1  mm 952 719
1  mm 967 719
1  mm 984 719
1  mm 1011 719
1  mm 1042 719
1  mm 1065 719
1  mm 1086 719
2 T 1524979545.006000 mm 1104 719
1  mm 1118 719
1  mm 1133 719
1  mm 1147 719
1  mm 1161 719
1  mm 1169 719
1  mm 1173 719
1  mm 1174 719
0  
0  
0  
0  
0  
0  
0  
0  
0  
1  mm 1173 719
1  mm 1172 719
1  mm 1170 719
0  
0  
1  mm 1169 719
0  
0  
0  
1  mm 1168 719
1  mm 1167 719
0  
0  
0  
0  
0  
0  
0  
0  
0  
0  
0  
0  
0  
0  
0  
0  
0  
0  
0  
0  
0  
0  
0  
0  
0  
0  
0  
0  
0  
0  
0  
0  
0  
0  
0  
0  
0  
1  mm 1166 719
2  mm 1165 719 mm 1164 719
2  mm 1156 719 mm 1153 719
1  mm 1141 719
1  mm 1111 719
1  mm 1088 719
1  mm 1062 719
1  mm 1034 719
1  mm 1001 719
1  mm 976 719
1  mm 929 701
1  mm 891 683
1  mm 807 631
1  mm 797 623
1  mm 752 588
3  mm 423 315 mm 412 305 mm 400 294
1  mm 379 279
1  mm 338 250
1  mm 310 228
1  mm 282 203
1  mm 251 180
1  mm 217 154
1  mm 180 126
1  mm 148 102
1  mm 119 79
1  mm 96 61
1  mm 79 46
1  mm 64 33
1  mm 53 24
1  mm 50 19
1  mm 49 17
1  mm 47 16
1  mm 46 14
1  mm 46 13
1  mm 45 12
2 T 1524979546.737000 mm 45 11
0  
0  
0  
0  
1  mm 43 9
1  mm 41 3
1  mm 38 0
1  mm 36 0
1  mm 35 0
0  
1  mm 34 0
1  mm 33 0
1  mm 32 0
1  mm 31 0
0  
0  
0  
1  mm 30 0
1  mm 29 0
1  mm 25 0
1  mm 22 0
1  mm 20 0
0  
0  
1  mm 19 0
0  
1  mm 18 0
0  
0  
0  
0  
0  
0  
0  
0  
0  
0  
0  
1  mm 17 0
1  mm 15 0
1  mm 14 0
1  mm 12 0
0  
0  
0  
0  
0  
0  
1  kd 27 12 0
0  
0  
0  
0  
0  
0  
0  
0  
0  
0  
0  
0  
0  
0  
0  
0  
0  
0  
0  
0  
0  
0  
1  mm 13 0
1  mm 22 0
1  mm 73 17
1  mm 123 36
1  mm 201 70
1  mm 282 112
1  mm 354 151
1  mm 415 199
1  mm 464 247
1  mm 505 298
1  mm 535 343
1  mm 552 374
1  mm 563 386
1  mm 563 387
0  
0  
0  
0  
0  
0  
0  
0  
0  
0  
0  
0  
0  
0  
1 T 1524979548.511000 
0  
1  sd 113 563 387
0  
0  
0  
0  
0  
0  
0  
0  
0  
0  
0  
0  
0  
0  
0  
0  
0  
0  
0  
0  
0  
0  
0  
0  
0  
0  
0  
0  
0  
0  
0  
0  
0  
0  
0  
0  
1  kd 37 563 387
